galaxy	team_release_kin	point_index	outer_fold	source_cell	radius_kpc	radius_over_screen	local_hi_surface_density	enclosed_baryonic_mass_msun	enclosed_fraction	enclosed_log_slope	gbar_m_s2	u	vbar_km_s	h_equipartition	h_quasilocal	h_wedge	h_flow	total_baryonic_mass_msun	gas_fraction	effective_to_screen_ratio	axis_ratio	distance_mpc	inclination_degrees
WALLABY J100351-273417	Hydra Kin TR2	0	3	mass3|screen_ratio1	4.351346647498e+00	1.424411243353e-01	4.120000000000e+00	5.349764356292e+09	7.518289678892e-02	1.668888914154e+00	3.938200576854e-11	3.281833814045e-01	7.271701275511e+01	5.749665844604e-01	3.090570020666e-01	3.484426546541e-01	9.024832683504e-02	7.115666707167e+10	1.218378903377e-01	5.247779184605e-01	6.712458535319e-01	3.989020769601e+01	4.010000000000e+01
WALLABY J100351-273417	Hydra Kin TR2	1	3	mass3|screen_ratio1	7.261914071714e+00	2.377184097240e-01	6.000000000000e+00	1.257596481676e+10	1.767362825481e-01	1.574085855193e+00	3.323912983010e-11	2.769927485842e-01	8.630295147035e+01	5.154475222406e-01	1.471382235814e-01	6.010379501017e-01	1.191672953764e-01	7.115666707167e+10	1.218378903377e-01	5.247779184605e-01	6.712458535319e-01	3.989020769601e+01	4.010000000000e+01
WALLABY J100351-273417	Hydra Kin TR2	2	3	mass3|screen_ratio1	1.017248149593e+01	3.329956951127e-01	6.170000000000e+00	2.093231461522e+10	2.941722185237e-01	1.401428328295e+00	2.819512213065e-11	2.349593510888e-01	9.407532274682e+01	4.524930417720e-01	6.190284251615e-02	7.890431538451e-01	1.759765645288e-01	7.115666707167e+10	1.218378903377e-01	5.247779184605e-01	6.712458535319e-01	3.989020769601e+01	4.010000000000e+01
WALLABY J100351-273417	Hydra Kin TR2	3	3	mass3|screen_ratio1	1.308304892015e+01	4.282729805014e-01	4.739999999998e+00	2.917235806693e+10	4.099736436159e-01	1.222687402607e+00	2.375549850736e-11	1.979624875614e-01	9.792911494823e+01	3.817984248143e-01	2.183049279183e-02	9.014108549515e-01	2.412001228426e-01	7.115666707167e+10	1.218378903377e-01	5.247779184605e-01	6.712458535319e-01	3.989020769601e+01	4.010000000000e+01
WALLABY J100351-273417	Hydra Kin TR2	4	3	mass3|screen_ratio1	1.599361634436e+01	5.235502658901e-01	3.420000000000e+00	3.672159966049e+10	5.160668869371e-01	1.063203514091e+00	2.000961752296e-11	1.667468126914e-01	9.937290897273e+01	3.062144407934e-01	7.198206505855e-03	9.493537341961e-01	3.058224768935e-01	7.115666707167e+10	1.218378903377e-01	5.247779184605e-01	6.712458535319e-01	3.989020769601e+01	4.010000000000e+01
WALLABY J100351-273417	Hydra Kin TR2	5	3	mass3|screen_ratio1	1.890418376858e+01	6.188275512789e-01	2.460000000001e+00	4.336456853726e+10	6.094238294436e-01	9.200944575837e-01	1.691335296848e-11	1.409446080707e-01	9.932740606227e+01	2.282172769196e-01	7.656186659226e-03	9.483241536184e-01	3.698187021353e-01	7.115666707167e+10	1.218378903377e-01	5.247779184605e-01	6.712458535319e-01	3.989020769601e+01	4.010000000000e+01
WALLABY J103915-301757	Hydra Kin TR2	0	4	mass3|screen_ratio0	1.960250199466e+00	4.746535029429e-02	1.439000000000e+01	3.588695189830e+09	4.968000698334e-02	1.558808350151e+00	1.301739558209e-10	1.084782965174e+00	8.873461663236e+01	9.132358641339e-01	2.279734977680e-02	1.807733590895e-01	1.239717361657e-01	7.223620542231e+10	1.602424090963e-01	2.103209606987e-01	3.029800713040e-01	5.391075034516e+01	7.970000000000e+01
WALLABY J103915-301757	Hydra Kin TR2	1	4	mass3|screen_ratio0	5.893818933061e+00	1.427124865515e-01	1.594000000000e+01	1.996089009955e+10	2.763280543718e-01	1.290658528263e+00	8.009342544346e-11	6.674452120288e-01	1.206902262366e+02	8.627084371456e-01	3.188607181680e-01	5.913401442140e-01	2.155621635137e-01	7.223620542231e+10	1.602424090963e-01	2.103209606987e-01	3.029800713040e-01	5.391075034516e+01	7.970000000000e+01
WALLABY J103915-301757	Hydra Kin TR2	2	4	mass3|screen_ratio0	9.827387666657e+00	2.379596228087e-01	1.556000000000e+01	3.623318944801e+10	5.015932001990e-01	9.823591770993e-01	5.229268383084e-11	4.357723652570e-01	1.259258185730e+02	7.971230455324e-01	3.564770077113e-01	7.880847920426e-01	3.412200752728e-01	7.223620542231e+10	1.602424090963e-01	2.103209606987e-01	3.029800713040e-01	5.391075034516e+01	7.970000000000e+01
WALLABY J103915-301757	Hydra Kin TR2	3	4	mass3|screen_ratio0	1.376095640025e+01	3.332067590659e-01	1.465000000000e+01	4.842235414792e+10	6.703335794680e-01	7.288163222806e-01	3.564176526031e-11	2.970147105026e-01	1.230209807022e+02	7.158116661108e-01	3.359374879683e-01	8.141458805622e-01	4.658370251379e-01	7.223620542231e+10	1.602424090963e-01	2.103209606987e-01	3.029800713040e-01	5.391075034516e+01	7.970000000000e+01
WALLABY J103915-301757	Hydra Kin TR2	4	4	mass3|screen_ratio0	1.769452513385e+01	4.284538953231e-01	1.256000000000e+01	5.673065622606e+10	7.853493396337e-01	5.377959497974e-01	2.525518340846e-11	2.104598617372e-01	1.174275478720e+02	6.210784247829e-01	2.940307242822e-01	7.525638751990e-01	5.761708502682e-01	7.223620542231e+10	1.602424090963e-01	2.103209606987e-01	3.029800713040e-01	5.391075034516e+01	7.970000000000e+01
WALLABY J103915-301757	Hydra Kin TR2	5	4	mass3|screen_ratio0	2.162809386744e+01	5.237010315803e-01	1.048000000000e+01	6.227246512120e+10	8.620672245605e-01	4.042586721570e-01	1.855539099296e-11	1.546282582747e-01	1.112805979334e+02	5.172832334340e-01	2.441722787924e-01	6.550979626913e-01	6.637144939195e-01	7.223620542231e+10	1.602424090963e-01	2.103209606987e-01	3.029800713040e-01	5.391075034516e+01	7.970000000000e+01
WALLABY J103915-301757	Hydra Kin TR2	6	4	mass3|screen_ratio0	2.556166260104e+01	6.189481678375e-01	8.820000000001e+00	6.607021598788e+10	9.146412882794e-01	3.081164049332e-01	1.409412353892e-11	1.174510294910e-01	1.054359847508e+02	4.095930022335e-01	1.928111329029e-01	5.431296532094e-01	7.330148477130e-01	7.223620542231e+10	1.602424090963e-01	2.103209606987e-01	3.029800713040e-01	5.391075034516e+01	7.970000000000e+01
WALLABY J103915-301757	Hydra Kin TR2	7	4	mass3|screen_ratio0	2.949784500157e+01	7.142585912284e-01	6.689999999997e+00	6.866103426938e+10	9.505072126638e-01	2.281980326977e-01	1.099867340150e-11	9.165561167920e-02	1.000554087070e+02	3.014651560207e-01	1.419110248919e-01	4.277204922961e-01	7.951725750141e-01	7.223620542231e+10	1.602424090963e-01	2.103209606987e-01	3.029800713040e-01	5.391075034516e+01	7.970000000000e+01
WALLABY J103915-301757	Hydra Kin TR2	8	4	mass3|screen_ratio0	3.343141373516e+01	8.095057274856e-01	4.420000000000e+00	7.033937509531e+10	9.737412795161e-01	1.609032662198e-01	8.772019020874e-12	7.310015850728e-02	9.512669890849e+01	1.954780728788e-01	9.209916034378e-02	3.180303469139e-01	8.510777703607e-01	7.223620542231e+10	1.602424090963e-01	2.103209606987e-01	3.029800713040e-01	5.391075034516e+01	7.970000000000e+01
WALLABY J122708+055255	NGC 4636 Kin TR1	0	3	mass0|screen_ratio1	5.782703001579e-01	7.670280220905e-02	2.470000000000e+01	8.449403815623e+07	4.506091922670e-02	1.401981026620e+00	3.521882275298e-11	2.934901896082e-01	2.506848762296e+01	7.690290414853e-01	2.598629756814e-01	2.134310594909e-01	1.757855110596e-01	1.875106846604e+09	6.403549245445e-01	3.329886479853e-01	1.945986944451e-01	1.590357485607e+01	7.810000000000e+01
WALLABY J122708+055255	NGC 4636 Kin TR1	1	3	mass0|screen_ratio1	1.738666035808e+00	2.306197586419e-01	2.386000000000e+01	3.954508943902e+08	2.108951258466e-01	1.332086779155e+00	1.823353037412e-11	1.519460864510e-01	3.127654269942e+01	5.972027230072e-01	4.467489882733e-02	6.367735248737e-01	2.004489273878e-01	1.875106846604e+09	6.403549245445e-01	3.329886479853e-01	1.945986944451e-01	1.590357485607e+01	7.810000000000e+01
WALLABY J122708+055255	NGC 4636 Kin TR1	2	3	mass0|screen_ratio1	2.898290744392e+00	3.844344446717e-01	2.195000000000e+01	7.682748965049e+08	4.097232634484e-01	1.196875024727e+00	1.274803615480e-11	1.062336346233e-01	3.376508838046e+01	4.698246884613e-01	3.184357277919e-02	8.809918425241e-01	2.512218867054e-01	1.875106846604e+09	6.403549245445e-01	3.329886479853e-01	1.945986944451e-01	1.590357485607e+01	7.810000000000e+01
WALLABY J122708+055255	NGC 4636 Kin TR1	3	3	mass0|screen_ratio1	4.058686480042e+00	5.383514011046e-01	1.831000000000e+01	1.123694234343e+09	5.992694423671e-01	1.035682811923e+00	9.507967453878e-12	7.923306211565e-02	3.450737061249e+01	3.480487114437e-01	5.354863319539e-02	9.349204525009e-01	3.176607201151e-01	1.875106846604e+09	6.403549245445e-01	3.329886479853e-01	1.945986944451e-01	1.590357485607e+01	7.810000000000e+01
WALLABY J122708+055255	NGC 4636 Kin TR1	4	3	mass0|screen_ratio1	5.218311188625e+00	6.921660871344e-01	1.418000000000e+01	1.432429782668e+09	7.639190189418e-01	8.615512289483e-01	7.332025002441e-12	6.110020835367e-02	3.435992667445e+01	2.291409238105e-01	4.927797936255e-02	8.351727673073e-01	3.978432255675e-01	1.875106846604e+09	6.403549245445e-01	3.329886479853e-01	1.945986944451e-01	1.590357485607e+01	7.810000000000e+01
WALLABY J122708+055255	NGC 4636 Kin TR1	5	3	mass0|screen_ratio1	6.378706924275e+00	8.460830435673e-01	9.849999999999e+00	1.674677197254e+09	8.931102781088e-01	6.763311056054e-01	5.736887763368e-12	4.780739802807e-02	3.360313320975e+01	1.101662023593e-01	2.703968210747e-02	6.157944508190e-01	4.945833838054e-01	1.875106846604e+09	6.403549245445e-01	3.329886479853e-01	1.945986944451e-01	1.590357485607e+01	7.810000000000e+01
WALLABY J123026+041450	NGC 4636 Kin TR1	0	2	mass2|screen_ratio1	1.266081322605e+00	7.670280220906e-02	1.096000000000e+01	9.534360105390e+08	5.648026561294e-02	1.465334439104e+00	8.290465002564e-11	6.908720835470e-01	5.691090853325e+01	8.113219494397e-01	1.518401470008e-01	2.375164111664e-01	1.542897432531e-01	1.688086980810e+10	2.436957542110e-01	2.877122110862e-01	5.359130729509e-01	3.481973582668e+01	6.220000000000e+01
WALLABY J123026+041450	NGC 4636 Kin TR1	1	2	mass2|screen_ratio1	3.806684509964e+00	2.306197586419e-01	1.051000000000e+01	5.589812549066e+09	3.311329696046e-01	1.210062956910e+00	5.376677876461e-11	4.480564897051e-01	7.947045949903e+01	7.232218537032e-01	1.789278554578e-01	7.346076908829e-01	2.460814799252e-01	1.688086980810e+10	2.436957542110e-01	2.877122110862e-01	5.359130729509e-01	3.481973582668e+01	6.220000000000e+01
WALLABY J123026+041450	NGC 4636 Kin TR1	2	2	mass2|screen_ratio1	6.345599588894e+00	3.844344446718e-01	1.052000000000e+01	9.764365604948e+09	5.784278722570e-01	9.267688068416e-01	3.379941993877e-11	2.816618328231e-01	8.135162423669e+01	5.929875041654e-01	2.014757709117e-01	8.846251709040e-01	3.666948993884e-01	1.688086980810e+10	2.436957542110e-01	2.877122110862e-01	5.359130729509e-01	3.481973582668e+01	6.220000000000e+01
WALLABY J123026+041450	NGC 4636 Kin TR1	3	2	mass2|screen_ratio1	8.886202776254e+00	5.383514011046e-01	9.620000000000e+00	1.286163807205e+10	7.619061232188e-01	6.823545687832e-01	2.270253685281e-11	1.891878071067e-01	7.889883251900e+01	4.488648520517e-01	1.719311120544e-01	8.125726657670e-01	4.912271653236e-01	1.688086980810e+10	2.436957542110e-01	2.877122110862e-01	5.359130729509e-01	3.481973582668e+01	6.220000000000e+01
WALLABY J123026+041450	NGC 4636 Kin TR1	4	2	mass2|screen_ratio1	1.142511785518e+01	6.921660871345e-01	6.579999999996e+00	1.488361221618e+10	8.816851492472e-01	4.658347182352e-01	1.589269366553e-11	1.324391138794e-01	7.485216618822e+01	2.958535109755e-01	1.204173925283e-01	6.351825461250e-01	6.221687408401e-01	1.688086980810e+10	2.436957542110e-01	2.877122110862e-01	5.359130729509e-01	3.481973582668e+01	6.220000000000e+01
WALLABY J123026+041450	NGC 4636 Kin TR1	5	2	mass2|screen_ratio1	1.396572104254e+01	8.460830435674e-01	3.529999999997e+00	1.604379668780e+10	9.504129153406e-01	2.860403349296e-01	1.146544637395e-11	9.554538644957e-02	7.029143957680e+01	1.407673898533e-01	5.807409209907e-02	4.326689267892e-01	7.497504041732e-01	1.688086980810e+10	2.436957542110e-01	2.877122110862e-01	5.359130729509e-01	3.481973582668e+01	6.220000000000e+01
WALLABY J123805-000137	NGC 4636 Kin TR1	0	2	mass2|screen_ratio0	1.948172766136e+00	7.662443808745e-02	1.437000000000e+01	3.158091964833e+09	1.683506095422e-01	1.069156356511e+00	1.159792725205e-10	9.664939376707e-01	8.349860056002e+01	9.325997014262e-01	3.744306709694e-01	3.848193418426e-01	3.032897432918e-01	1.875901710971e+10	2.955740187561e-01	1.380600020433e-01	3.566405125226e-01	5.357859708572e+01	7.360000000000e+01
WALLABY J123805-000137	NGC 4636 Kin TR1	1	2	mass2|screen_ratio0	5.860103680537e+00	2.304863097670e-01	1.190000000000e+01	1.140492324092e+10	6.079701923732e-01	6.883448947859e-01	4.629054675900e-11	3.857545563250e-01	9.149009483946e+01	8.392847963091e-01	4.502128394764e-01	7.619148896088e-01	4.879043264715e-01	1.875901710971e+10	2.955740187561e-01	1.380600020433e-01	3.566405125226e-01	5.357859708572e+01	7.360000000000e+01
WALLABY J123805-000137	NGC 4636 Kin TR1	2	2	mass2|screen_ratio0	9.774632158626e+00	3.844503473641e-01	8.550000000000e+00	1.481595427401e+10	7.898044011238e-01	3.917724488902e-01	2.161420801350e-11	1.801184001125e-01	8.074119027806e+01	6.847247236328e-01	3.452011195029e-01	7.299184132582e-01	6.723998981823e-01	1.875901710971e+10	2.955740187561e-01	1.380600020433e-01	3.566405125226e-01	5.357859708572e+01	7.360000000000e+01
WALLABY J123805-000137	NGC 4636 Kin TR1	3	2	mass2|screen_ratio0	1.368656307303e+01	5.383122190437e-01	6.270000000002e+00	1.646245811885e+10	8.775757291852e-01	2.629991732844e-01	1.224944523481e-11	1.020787102901e-01	7.192513477877e+01	5.035274566032e-01	2.396118355028e-01	6.253291663269e-01	7.675658246900e-01	1.875901710971e+10	2.955740187561e-01	1.380600020433e-01	3.566405125226e-01	5.357859708572e+01	7.360000000000e+01
WALLABY J123805-000137	NGC 4636 Kin TR1	4	2	mass2|screen_ratio0	1.759849398743e+01	6.921740907233e-01	3.780000000001e+00	1.742322998083e+10	9.287922644841e-01	2.271101787397e-01	7.841302432000e-12	6.534418693333e-02	6.525399824602e+01	3.194034912520e-01	1.459735256075e-01	5.057611918142e-01	7.960494447844e-01	1.875901710971e+10	2.955740187561e-01	1.380600020433e-01	3.566405125226e-01	5.357859708572e+01	7.360000000000e+01
WALLABY J123805-000137	NGC 4636 Kin TR1	5	2	mass2|screen_ratio0	2.151302246552e+01	8.461381283203e-01	2.910000000001e+00	1.824072351728e+10	9.723709622204e-01	1.950570958139e-01	5.493507764541e-12	4.577923137117e-02	6.038802961028e+01	1.518794568299e-01	6.941556385757e-02	3.266745510077e-01	8.222760618060e-01	1.875901710971e+10	2.955740187561e-01	1.380600020433e-01	3.566405125226e-01	5.357859708572e+01	7.360000000000e+01
WALLABY J123805-000137	NGC 4636 Kin TR1	6	2	mass2|screen_ratio0	2.542495337992e+01	9.999999999999e-01	1.590000000001e+00	1.875810166168e+10	9.999511995737e-01	1.674067873372e-01	4.044632789230e-12	3.370527324358e-02	5.633066839172e+01	2.440080844158e-05	2.440080847822e-05	1.397111946528e-02	8.455234261370e-01	1.875901710971e+10	2.955740187561e-01	1.380600020433e-01	3.566405125226e-01	5.357859708572e+01	7.360000000000e+01
WALLABY J123911+004305	NGC 4636 Kin TR1	0	2	mass2|screen_ratio1	2.644650452989e+00	7.662443808745e-02	7.450000000000e+00	1.176608866089e+09	4.372063789654e-02	1.397014421640e+00	2.344801603462e-11	1.954001336218e-01	4.374339267414e+01	7.632153842975e-01	2.734121020062e-01	2.102882687641e-01	1.775045682815e-01	2.691197847738e+10	4.784282917609e-01	2.685746832856e-01	7.476841243629e-01	7.273310843694e+01	5.220000000000e+01
WALLABY J123911+004305	NGC 4636 Kin TR1	1	2	mass2|screen_ratio1	7.955108562591e+00	2.304863097670e-01	7.290000000000e+00	8.367565325421e+09	3.109234548643e-01	1.216749596589e+00	1.842966468278e-11	1.535805390231e-01	6.726002815674e+01	7.081482252740e-01	1.485698085848e-01	7.223808902044e-01	2.434912572124e-01	2.691197847738e+10	4.784282917609e-01	2.685746832856e-01	7.476841243629e-01	7.273310843694e+01	5.220000000000e+01
WALLABY J123911+004305	NGC 4636 Kin TR1	2	2	mass2|screen_ratio1	1.326909287280e+01	3.844503473641e-01	6.660000000000e+00	1.493987397930e+10	5.551384485483e-01	9.891047623155e-01	1.182701125496e-11	9.855842712469e-02	6.958784614001e+01	5.794748893393e-01	1.816625548610e-01	8.902578775636e-01	3.381933113984e-01	2.691197847738e+10	4.784282917609e-01	2.685746832856e-01	7.476841243629e-01	7.273310843694e+01	5.220000000000e+01
WALLABY J123911+004305	NGC 4636 Kin TR1	3	2	mass2|screen_ratio1	1.857955098240e+01	5.383122190437e-01	5.210000000001e+00	2.018862139583e+10	7.501723224400e-01	7.615478089047e-01	8.151673548776e-12	6.793061290647e-02	6.836223756653e+01	4.427051580498e-01	1.644258014553e-01	8.259113118339e-01	4.484630637577e-01	2.691197847738e+10	4.784282917609e-01	2.685746832856e-01	7.476841243629e-01	7.273310843694e+01	5.220000000000e+01
WALLABY J123911+004305	NGC 4636 Kin TR1	4	2	mass2|screen_ratio1	2.389000909200e+01	6.921740907233e-01	3.360000000000e+00	2.384616349262e+10	8.860799109461e-01	5.263762808905e-01	5.823665617048e-12	4.853054680873e-02	6.552117023328e+01	2.981097609564e-01	1.228609716925e-01	6.248261866855e-01	5.832954220855e-01	2.691197847738e+10	4.784282917609e-01	2.685746832856e-01	7.476841243629e-01	7.273310843694e+01	5.220000000000e+01
WALLABY J123911+004305	NGC 4636 Kin TR1	5	2	mass2|screen_ratio1	2.920399340221e+01	8.461381283203e-01	1.679999999999e+00	2.593340025485e+10	9.636378193690e-01	2.867534703993e-01	4.238239778061e-12	3.531866481717e-02	6.180009675970e+01	1.474695897457e-01	6.492499317314e-02	3.730768577180e-01	7.492047357868e-01	2.691197847738e+10	4.784282917609e-01	2.685746832856e-01	7.476841243629e-01	7.273310843694e+01	5.220000000000e+01
WALLABY J124231+035729	NGC 4636 Kin TR1	0	2	mass0|screen_ratio1	3.861510009591e-01	7.670280220904e-02	8.650000000000e+00	9.561169130951e+07	6.559787447104e-02	1.439410681825e+00	8.937318071257e-11	7.447765059381e-01	3.263303466234e+01	8.353883165595e-01	7.803847456719e-02	2.547308564436e-01	1.629899334607e-01	1.457542520706e+09	1.733682874425e-01	2.776624463080e-01	6.304635430847e-01	1.061991485266e+01	3.920000000000e+01
WALLABY J124231+035729	NGC 4636 Kin TR1	1	2	mass0|screen_ratio1	1.161027342884e+00	2.306197586419e-01	7.870000000000e+00	5.638406543128e+08	3.868433656669e-01	1.164453855351e+00	5.830180955088e-11	4.858484129240e-01	4.570224284974e+01	7.582636936782e-01	2.530088046957e-01	7.602171391992e-01	2.640411846220e-01	1.457542520706e+09	1.733682874425e-01	2.776624463080e-01	6.304635430847e-01	1.061991485266e+01	3.920000000000e+01
WALLABY J124231+035729	NGC 4636 Kin TR1	2	2	mass0|screen_ratio1	1.935388816807e+00	3.844344446717e-01	6.080000000000e+00	9.577527507566e+08	6.571010705694e-01	8.286610900832e-01	3.563916309496e-11	2.969930257913e-01	4.613421494970e+01	6.327705036881e-01	2.617929219960e-01	8.503503478742e-01	4.140965893803e-01	1.457542520706e+09	1.733682874425e-01	2.776624463080e-01	6.304635430847e-01	1.061991485266e+01	3.920000000000e+01
WALLABY J124231+035729	NGC 4636 Kin TR1	3	2	mass0|screen_ratio1	2.710265158732e+00	5.383514011045e-01	3.510000000001e+00	1.208869241518e+09	8.293886623163e-01	5.326762567774e-01	2.293856823084e-11	1.911547352570e-01	4.379901231378e+01	4.820954070698e-01	2.127869680762e-01	7.176626673889e-01	5.793570099200e-01	1.457542520706e+09	1.733682874425e-01	2.776624463080e-01	6.304635430847e-01	1.061991485266e+01	3.920000000000e+01
WALLABY J124231+035729	NGC 4636 Kin TR1	4	2	mass0|screen_ratio1	3.484626632655e+00	6.921660871344e-01	1.430000000000e+00	1.341471882016e+09	9.203655213889e-01	3.163513482799e-01	1.539854244572e-11	1.283211870477e-01	4.069051678945e+01	3.153157747424e-01	1.415162549672e-01	5.324182133342e-01	7.268537447782e-01	1.457542520706e+09	1.733682874425e-01	2.776624463080e-01	6.304635430847e-01	1.061991485266e+01	3.920000000000e+01
WALLABY J124231+035729	NGC 4636 Kin TR1	5	2	mass0|screen_ratio1	4.259502974579e+00	8.460830435672e-01	5.800000000006e-01	1.407195362255e+09	9.654575027922e-01	1.775534809457e-01	1.081053250563e-11	9.008777088027e-02	3.769452534920e+01	1.484559001468e-01	6.589665324621e-02	3.639642270705e-01	8.369238849932e-01	1.457542520706e+09	1.733682874425e-01	2.776624463080e-01	6.304635430847e-01	1.061991485266e+01	3.920000000000e+01
WALLABY J124240+012047	NGC 4636 Kin TR1	0	4	mass2|screen_ratio1	2.604957338686e+00	7.662443808746e-02	4.470000000000e+00	2.066584229155e+09	7.994360515846e-02	1.402555666907e+00	4.244850739304e-11	3.537375616087e-01	5.841263424943e+01	8.631635333491e-01	2.119951812767e-02	2.789192559212e-01	1.755869386365e-01	2.585052581828e+10	3.333299685892e-01	2.431025541479e-01	6.371209812041e-01	7.164146943281e+01	5.450000000000e+01
WALLABY J124240+012047	NGC 4636 Kin TR1	1	4	mass2|screen_ratio1	7.835711674768e+00	2.304863097671e-01	4.920000000000e+00	9.684214367659e+09	3.746234964710e-01	1.147592940395e+00	2.198457343874e-11	1.832047786562e-01	7.290772016025e+01	7.516107189133e-01	2.382000509956e-01	7.553949183938e-01	2.708123559009e-01	2.585052581828e+10	3.333299685892e-01	2.431025541479e-01	6.371209812041e-01	7.164146943281e+01	5.450000000000e+01
WALLABY J124240+012047	NGC 4636 Kin TR1	2	4	mass2|screen_ratio1	1.306993928730e+01	3.844503473641e-01	5.080000000000e+00	1.639589713697e+10	6.342577807594e-01	8.566126083550e-01	1.337822784632e-11	1.114852320527e-01	7.345330675052e+01	6.220185206465e-01	2.452198294082e-01	8.628259240851e-01	4.002598701345e-01	2.585052581828e+10	3.333299685892e-01	2.431025541479e-01	6.371209812041e-01	7.164146943281e+01	5.450000000000e+01
WALLABY J124240+012047	NGC 4636 Kin TR1	3	4	mass2|screen_ratio1	1.830069362338e+01	5.383122190438e-01	3.909999999999e+00	2.105577351303e+10	8.145201246985e-01	5.917382748083e-01	8.762875534591e-12	7.302396278826e-02	7.034485996139e+01	4.751788452481e-01	2.041700931621e-01	7.415354668703e-01	5.433657167004e-01	2.585052581828e+10	3.333299685892e-01	2.431025541479e-01	6.371209812041e-01	7.164146943281e+01	5.450000000000e+01
WALLABY J124240+012047	NGC 4636 Kin TR1	4	4	mass2|screen_ratio1	2.353144795947e+01	6.921740907234e-01	2.140000000001e+00	2.374850957290e+10	9.186857451117e-01	3.691513553015e-01	5.977913131499e-12	4.981594276249e-02	6.588315648616e+01	3.144825386967e-01	1.406153715856e-01	5.375135934108e-01	6.883682805020e-01	2.585052581828e+10	3.333299685892e-01	2.431025541479e-01	6.371209812041e-01	7.164146943281e+01	5.450000000000e+01
WALLABY J124240+012047	NGC 4636 Kin TR1	5	4	mass2|screen_ratio1	2.876567557200e+01	8.461381283204e-01	1.000000000000e+00	2.513054155432e+10	9.721481772161e-01	2.028327412269e-01	4.233145879679e-12	3.527621566399e-02	6.129769997993e+01	1.517675269838e-01	6.930154426830e-02	3.279513906874e-01	8.158437202869e-01	2.585052581828e+10	3.333299685892e-01	2.431025541479e-01	6.371209812041e-01	7.164146943281e+01	5.450000000000e+01
WALLABY J124257-011345	NGC 4636 Kin TR1	0	1	mass2|screen_ratio0	1.665568944499e+00	3.983852119409e-02	1.859000000000e+01	7.287199709801e+08	3.255187600653e-02	1.502516861696e+00	3.661389959115e-11	3.051158299263e-01	4.337900367929e+01	9.070207958309e-01	1.006576213052e-01	1.362534628380e-01	1.420359010244e-01	2.238642008939e+10	5.495588703655e-01	1.910414001912e-01	2.536012786190e-01	4.580643408378e+01	7.640000000000e+01
WALLABY J124257-011345	NGC 4636 Kin TR1	1	1	mass2|screen_ratio0	5.010031385054e+00	1.198342717518e-01	1.854000000000e+01	3.812248294535e+09	1.702928953943e-01	1.353982559649e+00	2.116951115347e-11	1.764125929456e-01	5.720722881684e+01	8.444624114348e-01	1.739189891756e-01	4.647906965108e-01	1.926120451914e-01	2.238642008939e+10	5.495588703655e-01	1.910414001912e-01	2.536012786190e-01	4.580643408378e+01	7.640000000000e+01
WALLABY J124257-011345	NGC 4636 Kin TR1	2	1	mass2|screen_ratio0	8.356714584202e+00	1.998831403378e-01	1.745000000000e+01	7.356934833309e+09	3.286338237168e-01	1.163462803534e+00	1.468372741318e-11	1.223643951098e-01	6.153344275016e+01	7.832085252284e-01	2.436074755127e-01	7.000756639831e-01	2.644371843196e-01	2.238642008939e+10	5.495588703655e-01	1.910414001912e-01	2.536012786190e-01	4.580643408378e+01	7.640000000000e+01
WALLABY J124257-011345	NGC 4636 Kin TR1	3	1	mass2|screen_ratio0	1.170117702476e+01	2.798788908956e-01	1.579000000000e+01	1.059497209442e+10	4.732767477832e-01	9.889367262301e-01	1.078577263924e-11	8.988143866037e-02	6.240446698640e+01	7.159864980532e-01	2.567833883935e-01	8.255150902905e-01	3.382685437590e-01	2.238642008939e+10	5.495588703655e-01	1.910414001912e-01	2.536012786190e-01	4.580643408378e+01	7.640000000000e+01
WALLABY J124257-011345	NGC 4636 Kin TR1	4	1	mass2|screen_ratio0	1.504563946531e+01	3.598746414533e-01	1.335000000000e+01	1.334631763546e+10	5.961791828335e-01	8.486480088661e-01	8.217707874056e-12	6.848089895047e-02	6.176692021497e+01	6.430708796774e-01	2.471665667531e-01	8.658038128186e-01	4.041748884208e-01	2.238642008939e+10	5.495588703655e-01	1.910414001912e-01	2.536012786190e-01	4.580643408378e+01	7.640000000000e+01
WALLABY J124257-011345	NGC 4636 Kin TR1	5	1	mass2|screen_ratio0	1.839232266446e+01	4.399235100393e-01	1.099000000000e+01	1.565061515462e+10	6.991120104118e-01	7.301643183449e-01	6.448649925351e-12	5.373874937792e-02	6.049618134973e+01	5.663835934264e-01	2.275508495729e-01	8.450549742325e-01	4.651132802235e-01	2.238642008939e+10	5.495588703655e-01	1.910414001912e-01	2.536012786190e-01	4.580643408378e+01	7.640000000000e+01
WALLABY J124257-011345	NGC 4636 Kin TR1	6	1	mass2|screen_ratio0	2.173678510501e+01	5.199192605970e-01	8.559999999997e+00	1.752744953830e+10	7.829500861819e-01	6.085599084483e-01	5.170572658018e-12	4.308810548348e-02	5.889009449562e+01	4.867089495201e-01	2.018858040026e-01	7.822656727348e-01	5.334131246305e-01	2.238642008939e+10	5.495588703655e-01	1.910414001912e-01	2.536012786190e-01	4.580643408378e+01	7.640000000000e+01
WALLABY J124257-011345	NGC 4636 Kin TR1	7	1	mass2|screen_ratio0	2.508124754557e+01	5.999150111548e-01	6.090000000001e+00	1.896057491873e+10	8.469677082363e-01	4.921928869667e-01	4.201107321900e-12	3.500922768250e-02	5.702059279690e+01	4.035823339629e-01	1.707482533107e-01	6.971607204817e-01	6.050122046804e-01	2.238642008939e+10	5.495588703655e-01	1.910414001912e-01	2.536012786190e-01	4.580643408378e+01	7.640000000000e+01
WALLABY J124257-011345	NGC 4636 Kin TR1	8	1	mass2|screen_ratio0	2.842793074472e+01	6.799638797407e-01	4.269999999998e+00	2.004068554570e+10	8.952161830998e-01	3.977688690635e-01	3.456468630246e-12	2.880390525205e-02	5.506354993775e+01	3.188537184128e-01	1.366525062352e-01	6.013316157963e-01	6.682175048680e-01	2.238642008939e+10	5.495588703655e-01	1.910414001912e-01	2.536012786190e-01	4.580643408378e+01	7.640000000000e+01
WALLABY J124257-011345	NGC 4636 Kin TR1	9	1	mass2|screen_ratio0	3.177239318527e+01	7.599596302985e-01	3.000000000000e+00	2.085523914435e+10	9.316022419425e-01	3.449398113891e-01	2.879558203004e-12	2.399631835836e-02	5.313285680514e+01	2.346126902860e-01	1.014698985953e-01	5.001367209525e-01	7.058007120574e-01	2.238642008939e+10	5.495588703655e-01	1.910414001912e-01	2.536012786190e-01	4.580643408378e+01	7.640000000000e+01
WALLABY J124257-011345	NGC 4636 Kin TR1	10	1	mass2|screen_ratio0	3.511685562583e+01	8.399553808562e-01	2.449999999998e+00	2.156203302816e+10	9.631746809922e-01	2.830088384907e-01	2.437075626632e-12	2.030896355526e-02	5.138869473537e+01	1.544014394196e-01	6.833633510030e-02	3.752378128332e-01	7.520738126636e-01	2.238642008939e+10	5.495588703655e-01	1.910414001912e-01	2.536012786190e-01	4.580643408378e+01	7.640000000000e+01
WALLABY J124317-003841	NGC 4636 Kin TR1	0	0	mass1|screen_ratio1	1.376803574830e+00	7.662443808743e-02	1.677000000000e+01	8.091872646217e+08	7.627805887487e-02	1.408539949182e+00	5.949981462797e-11	4.958317885664e-01	5.027696709294e+01	8.570578207654e-01	2.265360078718e-03	2.729919590810e-01	1.735229921421e-01	1.060838826469e+10	3.264702871613e-01	2.769658255005e-01	2.770955406685e-01	3.786481634702e+01	6.760000000000e+01
WALLABY J124317-003841	NGC 4636 Kin TR1	1	0	mass1|screen_ratio1	4.141425153089e+00	2.304863097670e-01	1.548000000000e+01	3.817002743345e+09	3.598098644305e-01	1.181241708164e+00	3.101939919969e-11	2.584949933307e-01	6.296031207243e+01	7.426999749097e-01	2.190824882768e-01	7.490258296391e-01	2.573706643337e-01	1.060838826469e+10	3.264702871613e-01	2.769658255005e-01	2.770955406685e-01	3.786481634702e+01	6.760000000000e+01
WALLABY J124317-003841	NGC 4636 Kin TR1	2	0	mass1|screen_ratio1	6.907882469448e+00	3.844503473640e-01	1.221000000000e+01	6.617981473266e+09	6.238441983965e-01	8.867908942495e-01	1.933063901782e-11	1.610886584818e-01	6.419051321700e+01	6.169175547895e-01	2.374245224662e-01	8.678100755155e-01	3.856216631304e-01	1.060838826469e+10	3.264702871613e-01	2.769658255005e-01	2.770955406685e-01	3.786481634702e+01	6.760000000000e+01
WALLABY J124317-003841	NGC 4636 Kin TR1	3	0	mass1|screen_ratio1	9.672504047707e+00	5.383122190435e-01	7.810000000002e+00	8.554672517898e+09	8.064064308779e-01	6.109582201439e-01	1.274489002268e-11	1.062074168557e-01	6.167551417563e+01	4.712942523865e-01	1.993682558429e-01	7.537981636436e-01	5.320045985949e-01	1.060838826469e+10	3.264702871613e-01	2.769658255005e-01	2.770955406685e-01	3.786481634702e+01	6.760000000000e+01
WALLABY J124317-003841	NGC 4636 Kin TR1	4	0	mass1|screen_ratio1	1.243712562597e+01	6.921740907231e-01	4.110000000006e+00	9.695030109174e+09	9.139022693430e-01	3.688180314208e-01	8.736141576655e-12	7.280117980545e-02	5.790220664318e+01	3.121285264076e-01	1.380558136169e-01	5.516560046531e-01	6.886058561451e-01	1.060838826469e+10	3.264702871613e-01	2.769658255005e-01	2.770955406685e-01	3.786481634702e+01	6.760000000000e+01
WALLABY J124317-003841	NGC 4636 Kin TR1	5	0	mass1|screen_ratio1	1.520358294232e+01	8.461381283201e-01	1.460000000005e+00	1.022667323387e+10	9.640176225364e-01	2.039212350107e-01	6.166702930011e-12	5.138919108342e-02	5.378668273869e+01	1.476623278663e-01	6.512118869357e-02	3.711964774584e-01	8.149468939527e-01	1.060838826469e+10	3.264702871613e-01	2.769658255005e-01	2.770955406685e-01	3.786481634702e+01	6.760000000000e+01
WALLABY J124433-021916	NGC 4636 Kin TR1	0	3	mass0|screen_ratio1	8.254153669464e-01	5.858917272089e-02	1.292000000000e+01	2.086688847783e+07	7.817850149719e-03	1.284904986848e+00	4.268970351683e-12	3.557475293069e-02	1.042732997035e+01	3.897731556594e-01	7.645474887506e-01	8.055279278979e-02	2.176912318665e-01	2.669133851149e+09	8.920114660890e-01	2.237832044372e-01	5.664980436682e-01	2.270055209821e+01	6.480000000000e+01
WALLABY J124433-021916	NGC 4636 Kin TR1	1	3	mass0|screen_ratio1	2.482849423775e+00	1.762362315444e-01	1.201000000000e+01	3.934188174029e+08	1.473956868943e-01	1.344436289410e+00	8.895388254604e-12	7.412823545504e-02	2.610555422249e+01	6.519096985276e-01	8.911526647082e-02	5.060916683489e-01	1.960162053813e-01	2.669133851149e+09	8.920114660890e-01	2.237832044372e-01	5.664980436682e-01	2.270055209821e+01	6.480000000000e+01
WALLABY J124433-021916	NGC 4636 Kin TR1	2	3	mass0|screen_ratio1	4.141384034426e+00	2.939614092649e-01	1.116000000000e+01	7.938299665298e+08	2.974110744532e-01	1.330103968342e+00	6.451296805125e-12	5.376080670938e-02	2.871253493019e+01	5.497247511799e-01	5.833320425424e-03	7.661486584026e-01	2.011636987993e-01	2.669133851149e+09	8.920114660890e-01	2.237832044372e-01	5.664980436682e-01	2.270055209821e+01	6.480000000000e+01
WALLABY J124433-021916	NGC 4636 Kin TR1	3	3	mass0|screen_ratio1	5.798818091254e+00	4.116084680885e-01	9.570000000000e+00	1.230670566012e+09	4.610748784600e-01	1.232151580167e+00	5.101212168007e-12	4.251010140006e-02	3.021215531540e+01	4.625773328451e-01	5.668311486311e-02	9.062287400525e-01	2.375657207861e-01	2.669133851149e+09	8.920114660890e-01	2.237832044372e-01	5.664980436682e-01	2.270055209821e+01	6.480000000000e+01
WALLABY J124433-021916	NGC 4636 Kin TR1	4	3	mass0|screen_ratio1	7.456252148082e+00	5.292555269120e-01	7.620000000001e+00	1.655522924926e+09	6.202472477028e-01	1.099048968955e+00	4.150539681854e-12	3.458783068212e-02	3.090208984427e+01	3.777781564939e-01	7.915746077365e-02	9.235183337753e-01	2.907185527139e-01	2.669133851149e+09	8.920114660890e-01	2.237832044372e-01	5.664980436682e-01	2.270055209821e+01	6.480000000000e+01
WALLABY J124433-021916	NGC 4636 Kin TR1	5	3	mass0|screen_ratio1	9.114786758733e+00	6.469807046325e-01	5.770000000001e+00	2.037911708474e+09	7.635104952105e-01	9.275980059571e-01	3.419029772167e-12	2.849191476806e-02	3.100987176208e+01	2.917926232251e-01	8.261646055711e-02	8.301003290194e-01	3.663078031411e-01	2.669133851149e+09	8.920114660890e-01	2.237832044372e-01	5.664980436682e-01	2.270055209821e+01	6.480000000000e+01
WALLABY J124433-021916	NGC 4636 Kin TR1	6	3	mass0|screen_ratio1	1.077222081556e+01	7.646277634560e-01	3.969999999998e+00	2.344379880795e+09	8.783298296508e-01	7.042620815672e-01	2.815970071169e-12	2.346641725974e-02	3.059439810613e+01	2.007362504841e-01	6.920572184682e-02	6.479668520570e-01	4.791465765335e-01	2.669133851149e+09	8.920114660890e-01	2.237832044372e-01	5.664980436682e-01	2.270055209821e+01	6.480000000000e+01
WALLABY J124433-021916	NGC 4636 Kin TR1	7	3	mass0|screen_ratio1	1.242965487239e+01	8.822748222796e-01	2.330000000000e+00	2.550656945736e+09	9.556122277786e-01	4.661599572604e-01	2.301147488955e-12	1.917622907462e-02	2.970824762108e+01	1.021921629394e-01	3.990310802649e-02	4.111037370701e-01	6.219548080096e-01	2.669133851149e+09	8.920114660890e-01	2.237832044372e-01	5.664980436682e-01	2.270055209821e+01	6.480000000000e+01
WALLABY J124508-002747	NGC 4636 Kin TR1	0	2	mass3|screen_ratio0	7.968339670488e-01	2.428992453930e-02	4.239000000000e+01	1.314880357837e+09	1.894931185798e-02	1.692015682927e+00	2.886430493366e-10	2.405358744471e+00	8.424414829217e+01	9.396088843073e-01	1.235131127720e-01	8.298366627236e-02	8.341901647318e-02	6.938934604549e+10	1.922563146067e-01	1.741814295430e-01	2.486144372226e-01	2.191450717659e+01	7.450000000000e+01
WALLABY J124508-002747	NGC 4636 Kin TR1	1	2	mass3|screen_ratio0	2.396876572883e+00	7.306409301420e-02	4.278000000000e+01	9.366693673281e+09	1.349874902574e-01	1.524900976862e+00	2.272508517713e-10	1.893757098094e+00	1.296435359882e+02	9.239147795728e-01	2.976348281970e-01	3.443057558048e-01	1.347836510177e-01	6.938934604549e+10	1.922563146067e-01	1.741814295430e-01	2.486144372226e-01	2.191450717659e+01	7.450000000000e+01
WALLABY J124508-002747	NGC 4636 Kin TR1	2	2	mass3|screen_ratio0	3.997981624006e+00	1.218706480552e-01	4.272000000000e+01	1.964089649666e+10	2.830534889865e-01	1.312629233875e+00	1.712735357416e-10	1.427279464514e+00	1.453586232985e+02	9.002876232263e-01	3.980568856894e-01	5.607178736919e-01	2.075000604041e-01	6.938934604549e+10	1.922563146067e-01	1.741814295430e-01	2.486144372226e-01	2.191450717659e+01	7.450000000000e+01
WALLABY J124508-002747	NGC 4636 Kin TR1	3	2	mass3|screen_ratio0	5.598024229840e+00	1.706448165301e-01	4.282000000000e+01	2.965578672532e+10	4.273824212997e-01	1.114318685386e+00	1.319017159748e-10	1.099180966457e+00	1.509447047711e+02	8.724226897430e-01	4.293075440865e-01	6.982678732651e-01	2.843900718221e-01	6.938934604549e+10	1.922563146067e-01	1.741814295430e-01	2.486144372226e-01	2.191450717659e+01	7.450000000000e+01
WALLABY J124508-002747	NGC 4636 Kin TR1	4	2	mass3|screen_ratio0	7.198066835674e+00	2.194189850050e-01	4.183000000000e+01	3.844367893583e+10	5.540285523174e-01	9.382745696384e-01	1.034198099664e-10	8.618317497204e-01	1.515601679111e+02	8.400968773792e-01	4.326208969140e-01	7.637720139072e-01	3.613431642271e-01	6.938934604549e+10	1.922563146067e-01	1.741814295430e-01	2.486144372226e-01	2.191450717659e+01	7.450000000000e+01
WALLABY J124508-002747	NGC 4636 Kin TR1	5	2	mass3|screen_ratio0	8.799171886798e+00	2.682255400459e-01	3.769000000000e+01	4.572035321575e+10	6.588958654514e-01	7.841929987133e-01	8.230695169320e-11	6.858912641100e-01	1.494907883275e+02	8.031173416593e-01	4.213799002902e-01	7.744001769557e-01	4.366820122916e-01	6.938934604549e+10	1.922563146067e-01	1.741814295430e-01	2.486144372226e-01	2.191450717659e+01	7.450000000000e+01
WALLABY J124508-002747	NGC 4636 Kin TR1	6	2	mass3|screen_ratio0	1.039921449263e+01	3.169997085208e-01	3.263999999999e+01	5.155217748058e+10	7.429408175541e-01	6.484585406176e-01	6.644410953320e-11	5.537009127767e-01	1.460171217031e+02	7.617138139331e-01	4.018537819385e-01	7.473041853959e-01	5.103124850377e-01	6.938934604549e+10	1.922563146067e-01	1.741814295430e-01	2.486144372226e-01	2.191450717659e+01	7.450000000000e+01
WALLABY J124508-002747	NGC 4636 Kin TR1	7	2	mass3|screen_ratio0	1.199925709847e+01	3.657738769958e-01	2.618000000002e+01	5.608144441094e+10	8.082140502402e-01	5.276651223046e-01	5.429014689748e-11	4.524178908123e-01	1.417793432719e+02	7.159450558348e-01	3.768694404601e-01	6.973633579543e-01	5.824881091655e-01	6.938934604549e+10	1.922563146067e-01	1.741814295430e-01	2.486144372226e-01	2.191450717659e+01	7.450000000000e+01
WALLABY J124508-002747	NGC 4636 Kin TR1	8	2	mass3|screen_ratio0	1.360036214959e+01	4.145804320367e-01	2.001000000000e+01	5.951549807429e+10	8.577036889104e-01	4.247237391515e-01	4.484764784844e-11	3.737303987370e-01	1.371893328677e+02	6.661224372358e-01	3.482895444326e-01	6.360660339438e-01	6.496724700683e-01	6.938934604549e+10	1.922563146067e-01	1.741814295430e-01	2.486144372226e-01	2.191450717659e+01	7.450000000000e+01
WALLABY J124508-002747	NGC 4636 Kin TR1	9	2	mass3|screen_ratio0	1.520040475542e+01	4.633546005116e-01	1.514000000002e+01	6.208849080539e+10	8.947842045476e-01	3.387313728788e-01	3.745513287946e-11	3.121261073289e-01	1.325435260482e+02	6.129769645043e-01	3.176623791535e-01	5.709088557564e-01	7.103289614128e-01	6.938934604549e+10	1.922563146067e-01	1.741814295430e-01	2.486144372226e-01	2.191450717659e+01	7.450000000000e+01
WALLABY J124508-002747	NGC 4636 Kin TR1	10	2	mass3|screen_ratio0	1.680044736126e+01	5.121287689865e-01	1.114000000001e+01	6.398818247885e+10	9.221614862446e-01	2.674230310514e-01	3.159865707347e-11	2.633221422789e-01	1.279882227849e+02	5.571300190638e-01	2.858784794517e-01	5.071793459302e-01	7.641172137801e-01	6.938934604549e+10	1.922563146067e-01	1.741814295430e-01	2.486144372226e-01	2.191450717659e+01	7.450000000000e+01
WALLABY J124508-002747	NGC 4636 Kin TR1	11	2	mass3|screen_ratio0	1.840155241238e+01	5.609353240275e-01	8.150000000000e+00	6.538228450687e+10	9.422524959956e-01	2.111420321136e-01	2.691297504386e-11	2.242747920321e-01	1.236184683860e+02	4.993265908293e-01	2.536723401352e-01	4.476944747510e-01	8.090199281209e-01	6.938934604549e+10	1.922563146067e-01	1.741814295430e-01	2.486144372226e-01	2.191450717659e+01	7.450000000000e+01
WALLABY J124508-002747	NGC 4636 Kin TR1	12	2	mass3|screen_ratio0	2.000159501821e+01	6.097094925024e-01	6.100000000007e+00	6.641338985949e+10	9.571122030168e-01	1.670514122559e-01	2.313859220992e-11	1.928216017493e-01	1.195022420908e+02	4.405034968363e-01	2.217244703132e-01	3.931173942255e-01	8.458260737964e-01	6.938934604549e+10	1.922563146067e-01	1.741814295430e-01	2.486144372226e-01	2.191450717659e+01	7.450000000000e+01
WALLABY J124508-002747	NGC 4636 Kin TR1	13	2	mass3|screen_ratio0	2.160163762405e+01	6.584836609773e-01	4.530000000002e+00	6.717424558619e+10	9.680772253158e-01	1.321888519132e-01	2.006503809407e-11	1.672086507839e-01	1.156481274283e+02	3.813119060893e-01	1.903362898661e-01	3.440540017247e-01	8.760064317990e-01	6.938934604549e+10	1.922563146067e-01	1.741814295430e-01	2.486144372226e-01	2.191450717659e+01	7.450000000000e+01
WALLABY J124508-002747	NGC 4636 Kin TR1	14	2	mass3|screen_ratio0	2.320274267517e+01	7.072902160183e-01	3.410000000006e+00	6.774088211094e+10	9.762432703506e-01	1.056130117259e-01	1.753810815625e-11	1.461509013021e-01	1.120563072436e+02	3.223724644861e-01	1.597550963553e-01	3.000708575050e-01	8.996843093786e-01	6.938934604549e+10	1.922563146067e-01	1.741814295430e-01	2.486144372226e-01	2.191450717659e+01	7.450000000000e+01
WALLABY J124508-002747	NGC 4636 Kin TR1	15	2	mass3|screen_ratio0	2.480278528101e+01	7.560643844932e-01	2.620000000002e+00	6.816932595489e+10	9.824177606488e-01	8.639841589192e-02	1.544538137196e-11	1.287115114330e-01	1.087238486960e+02	2.643313359578e-01	1.302017261368e-01	2.603059788172e-01	9.171793697366e-01	6.938934604549e+10	1.922563146067e-01	1.741814295430e-01	2.486144372226e-01	2.191450717659e+01	7.450000000000e+01
WALLABY J124508-002747	NGC 4636 Kin TR1	16	2	mass3|screen_ratio0	2.640282788684e+01	8.048385529681e-01	2.110000000003e+00	6.850580102208e+10	9.872668489652e-01	7.178456270078e-02	1.369736418856e-11	1.141447015713e-01	1.056377144760e+02	2.076422748774e-01	1.017955170495e-01	2.229262652254e-01	9.307026763365e-01	6.938934604549e+10	1.922563146067e-01	1.741814295430e-01	2.486144372226e-01	2.191450717659e+01	7.450000000000e+01
WALLABY J124508-002747	NGC 4636 Kin TR1	17	2	mass3|screen_ratio0	2.800393293796e+01	8.536451080090e-01	1.670000000002e+00	6.876933123266e+10	9.910646972747e-01	6.104047976955e-02	1.222270377802e-11	1.018558648169e-01	1.027704907525e+02	1.525518033111e-01	7.449387913047e-02	1.876193895244e-01	9.407673159560e-01	6.938934604549e+10	1.922563146067e-01	1.741814295430e-01	2.486144372226e-01	2.191450717659e+01	7.450000000000e+01
WALLABY J124508-002747	NGC 4636 Kin TR1	18	2	mass3|screen_ratio0	2.960397554380e+01	9.024192764840e-01	1.410000000001e+00	6.898786429102e+10	9.942140720824e-01	5.477866708561e-02	1.097193359371e-11	9.143277994761e-02	1.001133228436e+02	9.944489945832e-02	4.839880922047e-02	1.514901507080e-01	9.466816860000e-01	6.938934604549e+10	1.922563146067e-01	1.741814295430e-01	2.486144372226e-01	2.191450717659e+01	7.450000000000e+01
WALLABY J124508-002747	NGC 4636 Kin TR1	19	2	mass3|screen_ratio0	3.120401814963e+01	9.511934449589e-01	1.250000000001e+00	6.917906334384e+10	9.969695246658e-01	5.095479854622e-02	9.902940677300e-12	8.252450564417e-02	9.764783578460e+01	4.848224674667e-02	2.349704846087e-02	1.098981560720e-01	9.503111442702e-01	6.938934604549e+10	1.922563146067e-01	1.741814295430e-01	2.486144372226e-01	2.191450717659e+01	7.450000000000e+01
WALLABY J124508-002747	NGC 4636 Kin TR1	20	2	mass3|screen_ratio0	3.280512320075e+01	9.999999999998e-01	1.120000000000e+00	6.935031462943e+10	9.994375013127e-01	4.941101207621e-02	8.982053408187e-12	7.485044506823e-02	9.535290434322e+01	2.813284669065e-04	2.813284669946e-04	4.742076686429e-02	9.517802804947e-01	6.938934604549e+10	1.922563146067e-01	1.741814295430e-01	2.486144372226e-01	2.191450717659e+01	7.450000000000e+01
WALLABY J130305+035925	NGC 4808 Kin TR1	0	1	mass1|screen_ratio1	1.487864036104e+00	7.665576451350e-02	6.890000000000e+00	1.363275063806e+08	1.795460741306e-02	1.391387582384e+00	8.583561868719e-12	7.152968223933e-02	1.985137834872e+01	5.068459702350e-01	6.204516048827e-01	1.365869693971e-01	1.794582314263e-01	7.592898204021e+09	6.964359722265e-01	3.290020032707e-01	8.729009314231e-01	4.091919828386e+01	3.690000000000e+01
WALLABY J130305+035925	NGC 4808 Kin TR1	1	1	mass1|screen_ratio1	4.475495020600e+00	2.305805396566e-01	7.190000000000e+00	1.823685799998e+09	2.401830962295e-01	1.377061122996e+00	1.269049036013e-11	1.057540863344e-01	4.186344975804e+01	6.375162911125e-01	2.039782991067e-02	6.667867622668e-01	1.844618306614e-01	7.592898204021e+09	6.964359722265e-01	3.290020032707e-01	8.729009314231e-01	4.091919828386e+01	3.690000000000e+01
WALLABY J130305+035925	NGC 4808 Kin TR1	2	1	mass1|screen_ratio1	7.461142186381e+00	3.844031071137e-01	6.740000000000e+00	3.673944143474e+09	4.838658500029e-01	1.236536292828e+00	9.198827186317e-12	7.665689321931e-02	4.601974001597e+01	5.321141340976e-01	1.145529182794e-01	8.952300551584e-01	2.358891228453e-01	7.592898204021e+09	6.964359722265e-01	3.290020032707e-01	8.729009314231e-01	4.091919828386e+01	3.690000000000e+01
WALLABY J130305+035925	NGC 4808 Kin TR1	3	1	mass1|screen_ratio1	1.044877317088e+01	5.383278822568e-01	5.060000000001e+00	5.408613098372e+09	7.123252482837e-01	9.624774782276e-01	6.905034558950e-12	5.754195465792e-02	4.718357588601e+01	4.216335668013e-01	1.391251992882e-01	8.636237146248e-01	3.502212352321e-01	7.592898204021e+09	6.964359722265e-01	3.290020032707e-01	8.729009314231e-01	4.091919828386e+01	3.690000000000e+01
WALLABY J130305+035925	NGC 4808 Kin TR1	4	1	mass1|screen_ratio1	1.343442033666e+01	6.921504497139e-01	2.950000000001e+00	6.652805317105e+09	8.761878716590e-01	6.144764238533e-01	5.137803538717e-12	4.281502948930e-02	4.615018917350e+01	2.930180130934e-01	1.173454856245e-01	6.477411434426e-01	5.299430369711e-01	7.592898204021e+09	6.964359722265e-01	3.290020032707e-01	8.729009314231e-01	4.091919828386e+01	3.690000000000e+01
WALLABY J130305+035925	NGC 4808 Kin TR1	5	1	mass1|screen_ratio1	1.642205132116e+01	8.460752248570e-01	1.169999999999e+00	7.277946518241e+09	9.585202280714e-01	3.044286284783e-01	3.761530550082e-12	3.134608791735e-02	4.365874744799e+01	1.449368311589e-01	6.231036603349e-02	3.974055312911e-01	7.357881908630e-01	7.592898204021e+09	6.964359722265e-01	3.290020032707e-01	8.729009314231e-01	4.091919828386e+01	3.690000000000e+01
WALLABY J130515-165316	NGC5044 Kin TR3	0	3	mass0|screen_ratio0	1.475764221100e+00	7.708119218911e-02	1.003000000000e+01	3.413589490163e+08	8.036397747282e-02	1.274102306139e+00	2.184680249041e-11	1.820566874201e-01	3.154116296336e+01	8.623144286494e-01	2.085033977707e-02	2.803008787887e-01	2.217089223205e-01	4.247661200340e+09	7.843090110467e-01	2.092732579651e-01	4.141525911905e-01	4.058642948422e+01	6.100000000000e+01
WALLABY J130515-165316	NGC5044 Kin TR3	1	3	mass0|screen_ratio0	4.421389606416e+00	2.309352517986e-01	9.730000000000e+00	1.381574505785e+09	3.252553442056e-01	1.205678073743e+00	9.850704291845e-12	8.208920243204e-02	3.665964935716e+01	7.182620103025e-01	1.695823213924e-01	7.315631906902e-01	2.477859310837e-01	4.247661200340e+09	7.843090110467e-01	2.092732579651e-01	4.141525911905e-01	4.058642948422e+01	6.100000000000e+01
WALLABY J130515-165316	NGC5044 Kin TR3	2	3	mass0|screen_ratio0	7.365047306105e+00	3.846865364851e-01	8.019999999999e+00	2.514900129394e+09	5.920670248355e-01	1.016673991089e+00	6.462197179775e-12	5.385164316479e-02	3.832243935890e+01	6.000714001958e-01	2.123160811105e-01	8.805253395674e-01	3.259636314084e-01	4.247661200340e+09	7.843090110467e-01	2.092732579651e-01	4.141525911905e-01	4.058642948422e+01	6.100000000000e+01
WALLABY J130515-165316	NGC5044 Kin TR3	3	3	mass0|screen_ratio0	1.031067269142e+01	5.385405960946e-01	5.109999999999e+00	3.419218447257e+09	8.049649644807e-01	7.207016587422e-01	4.482944790690e-12	3.735787325575e-02	3.776595471842e+01	4.702678103630e-01	1.983053708180e-01	7.559708693830e-01	4.702089761098e-01	4.247661200340e+09	7.843090110467e-01	2.092732579651e-01	4.141525911905e-01	4.058642948422e+01	6.100000000000e+01
WALLABY J130515-165316	NGC5044 Kin TR3	4	3	mass0|screen_ratio0	1.325629807674e+01	6.923946557041e-01	2.450000000003e+00	3.952772065754e+09	9.305761169083e-01	4.006165967220e-01	3.135218358064e-12	2.612681965053e-02	3.581131756458e+01	3.199787836905e-01	1.467564698166e-01	4.998798162150e-01	6.662385844792e-01	4.247661200340e+09	7.843090110467e-01	2.092732579651e-01	4.141525911905e-01	4.058642948422e+01	6.100000000000e+01
WALLABY J130515-165316	NGC5044 Kin TR3	5	3	mass0|screen_ratio0	1.620192346205e+01	8.462487153135e-01	7.999999999994e-01	4.164253812622e+09	9.803639264566e-01	1.807096425263e-01	2.211131558641e-12	1.842609632201e-02	3.324802498973e+01	1.557482531153e-01	7.342290755915e-02	2.765284266549e-01	8.342652877736e-01	4.247661200340e+09	7.843090110467e-01	2.092732579651e-01	4.141525911905e-01	4.058642948422e+01	6.100000000000e+01
WALLABY J130739+062006	NGC 4808 Kin TR1	0	0	mass3|screen_ratio0	3.714953251282e+00	9.060159458805e-02	5.110000000000e+00	2.515006908284e+10	5.187892998943e-01	2.331556414371e-01	2.540054411436e-10	2.116712009530e+00	1.706370989976e+02	9.688475108470e-01	7.026486762162e-01	5.516008497467e-01	7.911872893127e-01	4.847838821648e+10	3.772587070522e-01	4.702212249335e-02	8.090439108960e-01	1.021685483457e+02	4.420000000000e+01
WALLABY J130739+062006	NGC 4808 Kin TR1	1	0	mass3|screen_ratio0	1.117457937986e+01	2.725295965208e-01	4.140000000000e+00	3.392562749163e+10	6.998093117314e-01	2.205025286768e-01	3.786832213631e-11	3.155693511359e-01	1.142691235988e+02	8.081019569909e-01	4.394349661256e-01	7.521204595898e-01	8.013940305588e-01	4.847838821648e+10	3.772587070522e-01	4.702212249335e-02	8.090439108960e-01	1.021685483457e+02	4.420000000000e+01
WALLABY J130739+062006	NGC 4808 Kin TR1	2	0	mass3|screen_ratio0	1.862925223743e+01	4.543367963275e-01	3.650000000001e+00	3.785891371902e+10	7.809441508236e-01	2.991210236350e-01	1.520504977443e-11	1.267087481202e-01	9.349037616723e+01	5.818735732228e-01	2.643992488099e-01	7.667810474819e-01	7.397953212898e-01	4.847838821648e+10	3.772587070522e-01	4.702212249335e-02	8.090439108960e-01	1.021685483457e+02	4.420000000000e+01
WALLABY J130739+062006	NGC 4808 Kin TR1	3	0	mass3|screen_ratio0	2.608887836600e+01	6.362647982603e-01	3.200000000000e+00	4.266388924874e+10	8.800599776178e-01	3.556462621273e-01	8.736956449817e-12	7.280797041514e-02	8.386544622094e+01	3.698573591562e-01	1.607803178024e-01	6.335246979087e-01	6.980478199588e-01	4.847838821648e+10	3.772587070522e-01	4.702212249335e-02	8.090439108960e-01	1.021685483457e+02	4.420000000000e+01
WALLABY J130739+062006	NGC 4808 Kin TR1	4	0	mass3|screen_ratio0	3.354355122358e+01	8.180719980670e-01	2.070000000002e+00	4.666055265414e+10	9.625021451986e-01	2.640319542179e-01	5.780193054728e-12	4.816827545607e-02	7.734833402546e+01	1.797220410191e-01	8.111436846245e-02	3.780495641878e-01	7.667595161576e-01	4.847838821648e+10	3.772587070522e-01	4.702212249335e-02	8.090439108960e-01	1.021685483457e+02	4.420000000000e+01
WALLABY J130739+062006	NGC 4808 Kin TR1	5	0	mass3|screen_ratio0	4.100317735215e+01	9.999999999998e-01	7.700000000013e-01	4.847838821648e+10	1.000000000000e+00	1.903289138593e-01	4.019052621373e-12	3.349210517811e-02	7.130925097148e+01	1.623146062002e-13	6.983302824888e-14	4.267043192171e-07	8.262097416918e-01	4.847838821648e+10	3.772587070522e-01	4.702212249335e-02	8.090439108960e-01	1.021685483457e+02	4.420000000000e+01
WALLABY J130854-163609	NGC5044 Kin TR3	0	2	mass0|screen_ratio0	1.343432296634e+00	6.680324218403e-02	9.330000000000e+00	4.451048781632e+08	1.500289920206e-01	6.781382939612e-01	3.437489087718e-11	2.864574239765e-01	3.774885899157e+01	9.422276514222e-01	3.838255420917e-01	3.460701066011e-01	4.935748497450e-01	2.966792432372e+09	7.925555775979e-01	5.730776699028e-02	5.521511090485e-01	3.694704031618e+01	7.650000000000e+01
WALLABY J130854-163609	NGC5044 Kin TR3	1	2	mass0|screen_ratio0	4.024923160716e+00	2.001425135834e-01	8.830000000000e+00	9.367497877642e+08	3.157449700703e-01	6.710627045474e-01	8.059701536597e-12	6.716417947164e-02	3.163832982685e+01	7.748352948261e-01	2.240846311451e-01	6.930651566256e-01	4.975312983816e-01	2.966792432372e+09	7.925555775979e-01	5.730776699028e-02	5.521511090485e-01	3.694704031618e+01	7.650000000000e+01
WALLABY J130854-163609	NGC5044 Kin TR3	2	2	mass0|screen_ratio0	6.704622781736e+00	3.333927139931e-01	7.930000000000e+00	1.317082891197e+09	4.439417051309e-01	7.728199249295e-01	4.083898644357e-12	3.403248870297e-02	2.906698084031e+01	5.995236095200e-01	1.422154846331e-01	8.606034852951e-01	4.425747463933e-01	2.966792432372e+09	7.925555775979e-01	5.730776699028e-02	5.521511090485e-01	3.694704031618e+01	7.650000000000e+01
WALLABY J130854-163609	NGC5044 Kin TR3	3	2	mass0|screen_ratio0	9.386113645818e+00	4.667319853924e-01	6.620000000000e+00	1.748438283287e+09	5.893362353932e-01	8.629339246826e-01	2.766236032732e-12	2.305196693943e-02	2.830497618427e+01	4.602440582046e-01	1.160950093825e-01	9.165745092277e-01	3.971681167749e-01	2.966792432372e+09	7.925555775979e-01	5.730776699028e-02	5.521511090485e-01	3.694704031618e+01	7.650000000000e+01
WALLABY J130854-163609	NGC5044 Kin TR3	4	2	mass0|screen_ratio0	1.206760450990e+01	6.000712567918e-01	5.160000000000e+00	2.180353721224e+09	7.349195371517e-01	8.078802265972e-01	2.086869835665e-12	1.739058196388e-02	2.787619461022e+01	3.423125982788e-01	1.010106443967e-01	8.547337177877e-01	4.245621882693e-01	2.966792432372e+09	7.925555775979e-01	5.730776699028e-02	5.521511090485e-01	3.694704031618e+01	7.650000000000e+01
WALLABY J130854-163609	NGC5044 Kin TR3	5	2	mass0|screen_ratio0	1.474909537398e+01	7.334105281911e-01	3.469999999999e+00	2.535211721274e+09	8.545295227301e-01	6.800409612643e-01	1.624403848509e-12	1.353669873758e-02	2.718973466394e+01	2.274015026702e-01	7.627428659457e-02	6.967598210657e-01	4.925145017607e-01	2.966792432372e+09	7.925555775979e-01	5.730776699028e-02	5.521511090485e-01	3.694704031618e+01	7.650000000000e+01
WALLABY J130854-163609	NGC5044 Kin TR3	6	2	mass0|screen_ratio0	1.742879499500e+01	8.666607286008e-01	2.289999999999e+00	2.811961078628e+09	9.478118684492e-01	4.881134092194e-01	1.290283446493e-12	1.075236205411e-02	2.634216806113e+01	1.157864388567e-01	4.472436783024e-02	4.436761717173e-01	6.076437614049e-01	2.966792432372e+09	7.925555775979e-01	5.730776699028e-02	5.521511090485e-01	3.694704031618e+01	7.650000000000e+01
WALLABY J130947-101916	NGC5044 Kin TR3	0	2	mass1|screen_ratio1	6.264710243625e-01	6.673785371062e-02	4.070000000000e+00	1.656928699603e+08	3.171999213520e-02	1.602913435990e+00	5.884538200704e-11	4.903781833920e-01	3.372732986767e+01	7.537485853631e-01	3.556634951189e-01	1.697678390553e-01	1.102126296024e-01	5.223610058100e+09	1.811268149220e-01	3.635632229934e-01	8.161384462937e-01	1.722918992794e+01	4.840000000000e+01
WALLABY J130947-101916	NGC5044 Kin TR3	1	2	mass1|screen_ratio1	1.877742483689e+00	2.000355935220e-01	3.790000000000e+00	1.097951527270e+09	2.101901778767e-01	1.393077183992e+00	4.340318962668e-11	3.616932468890e-01	5.014805711909e+01	6.801476230724e-01	2.475364802184e-02	6.074170487248e-01	1.788709136567e-01	5.223610058100e+09	1.811268149220e-01	3.635632229934e-01	8.161384462937e-01	1.722918992794e+01	4.840000000000e+01
WALLABY J130947-101916	NGC5044 Kin TR3	2	2	mass1|screen_ratio1	3.129849237715e+00	3.334223171383e-01	3.260000000000e+00	2.128231834908e+09	4.074254799338e-01	1.143364488704e+00	3.028186660063e-11	2.523488883386e-01	5.407895648426e+01	5.712637259288e-01	9.988983309116e-02	8.511090022312e-01	2.725218517846e-01	5.223610058100e+09	1.811268149220e-01	3.635632229934e-01	8.161384462937e-01	1.722918992794e+01	4.840000000000e+01
WALLABY J130947-101916	NGC5044 Kin TR3	3	2	mass1|screen_ratio1	4.381120697042e+00	4.667200569496e-01	3.220000000000e+00	3.022745972290e+09	5.786699119323e-01	9.384241146031e-01	2.195036564241e-11	1.829197136868e-01	5.447393660187e+01	4.530363117654e-01	1.070890847579e-01	9.199573229010e-01	3.612738815070e-01	5.223610058100e+09	1.811268149220e-01	3.635632229934e-01	8.161384462937e-01	1.722918992794e+01	4.840000000000e+01
WALLABY J130947-101916	NGC5044 Kin TR3	4	2	mass1|screen_ratio1	5.632392156368e+00	6.000177967610e-01	3.400000000000e+00	3.751847678450e+09	7.182480385632e-01	7.755964796975e-01	1.648427957682e-11	1.373689964735e-01	5.352500307815e+01	3.322237316541e-01	8.968619123254e-02	8.711399734534e-01	4.411316735909e-01	5.223610058100e+09	1.811268149220e-01	3.635632229934e-01	8.161384462937e-01	1.722918992794e+01	4.840000000000e+01
WALLABY J130947-101916	NGC5044 Kin TR3	5	2	mass1|screen_ratio1	6.884498910394e+00	7.334045203773e-01	3.140000000000e+00	4.324888076146e+09	8.279500246079e-01	6.218757959586e-01	1.271864206491e-11	1.059886838743e-01	5.197946593910e+01	2.123744270250e-01	6.055351395636e-02	7.458667151496e-01	5.256252817793e-01	5.223610058100e+09	1.811268149220e-01	3.635632229934e-01	8.161384462937e-01	1.722918992794e+01	4.840000000000e+01
WALLABY J130947-101916	NGC5044 Kin TR3	6	2	mass1|screen_ratio1	8.135770369721e+00	8.667022601886e-01	2.320000000000e+00	4.741068898931e+09	9.076230511463e-01	4.433827979053e-01	9.983652262278e-12	8.319710218565e-02	5.006328423284e+01	9.431554973139e-02	2.306273302663e-02	5.776362874414e-01	6.370746341624e-01	5.223610058100e+09	1.811268149220e-01	3.635632229934e-01	8.161384462937e-01	1.722918992794e+01	4.840000000000e+01
WALLABY J131035-214450	NGC5044 Kin TR3	0	1	mass1|screen_ratio1	1.532967022973e+00	9.108574204516e-02	1.801000000000e+01	7.621651032665e+08	6.699345021637e-02	1.373549512495e+00	4.520578121346e-11	3.767148434455e-01	4.624221922137e+01	7.796093636912e-01	1.524064709852e-01	2.766207979770e-01	1.856947660570e-01	1.137671072030e+10	5.681705561866e-01	3.393373572989e-01	6.524351790853e-01	4.215961946357e+01	6.540000000000e+01
WALLABY J131035-214450	NGC5044 Kin TR3	1	1	mass1|screen_ratio1	4.592769200828e+00	2.728928831673e-01	1.739000000000e+01	3.440351603012e+09	3.024030132781e-01	1.266875809589e+00	2.273338621733e-11	1.894448851444e-01	5.676029559044e+01	6.047983316161e-01	5.129556858154e-02	7.539795956378e-01	2.244114050062e-01	1.137671072030e+10	5.681705561866e-01	3.393373572989e-01	6.524351790853e-01	4.215961946357e+01	6.540000000000e+01
WALLABY J131035-214450	NGC5044 Kin TR3	2	1	mass1|screen_ratio1	7.650527422652e+00	4.545785766334e-01	1.527000000000e+01	6.402794866133e+09	5.627984242148e-01	1.051869998233e+00	1.524745566584e-11	1.270621305487e-01	5.999563445011e+01	4.628777975687e-01	1.063714311324e-01	9.196966029368e-01	3.106718183659e-01	1.137671072030e+10	5.681705561866e-01	3.393373572989e-01	6.524351790853e-01	4.215961946357e+01	6.540000000000e+01
WALLABY J131035-214450	NGC5044 Kin TR3	3	1	mass1|screen_ratio1	1.071032960051e+01	6.363857177555e-01	1.042000000001e+01	8.792795969127e+09	7.728768169729e-01	7.634209301777e-01	1.068395050061e-11	8.903292083843e-02	5.942136503599e+01	3.123367048648e-01	9.685285449218e-02	8.169968769133e-01	4.474812564086e-01	1.137671072030e+10	5.681705561866e-01	3.393373572989e-01	6.524351790853e-01	4.215961946357e+01	6.540000000000e+01
WALLABY J131035-214450	NGC5044 Kin TR3	4	1	mass1|screen_ratio1	1.377013177836e+01	8.181928588776e-01	5.459999999999e+00	1.029956316866e+10	9.053199489619e-01	5.039579798973e-01	7.570998432563e-12	6.309165360469e-02	5.671799878265e+01	1.497882020410e-01	5.055204097580e-02	5.826103194726e-01	5.974708969212e-01	1.137671072030e+10	5.681705561866e-01	3.393373572989e-01	6.524351790853e-01	4.215961946357e+01	6.540000000000e+01
WALLABY J131035-214450	NGC5044 Kin TR3	5	1	mass1|screen_ratio1	1.682993395622e+01	9.999999999998e-01	2.700000000003e+00	1.116877967176e+10	9.817230960997e-01	4.037775495734e-01	5.496059728127e-12	4.580049773439e-02	5.342471331446e+01	9.222733456474e-03	9.222733456588e-03	2.679019125288e-01	6.640474908792e-01	1.137671072030e+10	5.681705561866e-01	3.393373572989e-01	6.524351790853e-01	4.215961946357e+01	6.540000000000e+01
WALLABY J131706-161516	NGC5044 Kin TR3	0	3	mass1|screen_ratio1	1.369087739980e+00	7.708119218909e-02	1.400000000000e+01	3.849070645504e+08	4.272080136384e-02	1.460228240569e+00	2.862225607486e-11	2.385188006239e-01	3.477305478437e+01	7.558064958266e-01	2.868098418583e-01	2.085089814592e-01	1.559931085187e-01	9.009827818358e+09	3.967407754801e-01	2.982121993833e-01	1.467456535861e-01	3.765261565629e+01	7.710000000000e+01
WALLABY J131706-161516	NGC5044 Kin TR3	1	3	mass1|screen_ratio1	4.101786868979e+00	2.309352517985e-01	1.449000000000e+01	2.579164303389e+09	2.862612200128e-01	1.257225097458e+00	2.136699124426e-11	1.780582603688e-01	5.200361134235e+01	6.859110829724e-01	1.069728260530e-01	7.058636282387e-01	2.280391684079e-01	9.009827818358e+09	3.967407754801e-01	2.982121993833e-01	1.467456535861e-01	3.765261565629e+01	7.710000000000e+01
WALLABY J131706-161516	NGC5044 Kin TR3	2	3	mass1|screen_ratio1	6.832660547658e+00	3.846865364850e-01	1.367000000000e+01	4.668517330699e+09	5.181583294174e-01	1.017310195287e+00	1.393830066929e-11	1.161525055774e-01	5.420946354076e+01	5.556991816971e-01	1.478346922856e-01	8.952522787172e-01	3.256840500679e-01	9.009827818358e+09	3.967407754801e-01	2.982121993833e-01	1.467456535861e-01	3.765261565629e+01	7.710000000000e+01
WALLABY J131706-161516	NGC5044 Kin TR3	3	3	mass1|screen_ratio1	9.565359676658e+00	5.385405960944e-01	1.161000000000e+01	6.365063456200e+09	7.064578352131e-01	8.010416069299e-01	9.696403312154e-12	8.080336093462e-02	5.349722571318e+01	4.179012823595e-01	1.348734543723e-01	8.688376335734e-01	4.280401940847e-01	9.009827818358e+09	3.967407754801e-01	2.982121993833e-01	1.467456535861e-01	3.765261565629e+01	7.710000000000e+01
WALLABY J131706-161516	NGC5044 Kin TR3	4	3	mass1|screen_ratio1	1.229805880566e+01	6.923946557038e-01	8.430000000003e+00	7.610536624363e+09	8.446927930028e-01	5.967676205991e-01	7.013788943070e-12	5.844824119225e-02	5.159051958769e+01	2.758715838223e-01	9.908228541391e-02	7.123286281499e-01	5.403765698051e-01	9.009827818358e+09	3.967407754801e-01	2.982121993833e-01	1.467456535861e-01	3.765261565629e+01	7.710000000000e+01
WALLABY J131706-161516	NGC5044 Kin TR3	5	3	mass1|screen_ratio1	1.503075793466e+01	8.462487153133e-01	5.110000000004e+00	8.422873858056e+09	9.348540313827e-01	4.024039355385e-01	5.196477831404e-12	4.330398192837e-02	4.909307691329e+01	1.324762847712e-01	4.974744788517e-02	4.918520341803e-01	6.649989374508e-01	9.009827818358e+09	3.967407754801e-01	2.982121993833e-01	1.467456535861e-01	3.765261565629e+01	7.710000000000e+01
WALLABY J131706-161516	NGC5044 Kin TR3	6	3	mass1|screen_ratio1	1.776163161334e+01	9.999999999998e-01	2.560000000004e+00	8.880166061010e+09	9.856088529146e-01	3.166919209254e-01	3.923430051499e-12	3.269525042916e-02	4.637134137987e+01	7.247725081288e-03	7.247725081405e-03	2.381935513060e-01	7.265998831651e-01	9.009827818358e+09	3.967407754801e-01	2.982121993833e-01	1.467456535861e-01	3.765261565629e+01	7.710000000000e+01
WALLABY J132017-144841	NGC5044 Kin TR3	0	4	mass1|screen_ratio0	1.510376781733e+00	7.700205338809e-02	7.390000000000e+00	2.433316456840e+09	2.393221915385e-01	9.854698143322e-01	1.486752013275e-10	1.238960011063e+00	8.324098117166e+01	9.516470558693e-01	5.131447897332e-01	4.397303810532e-01	3.398226238286e-01	1.016753373850e+10	1.868312989635e-01	1.236999691992e-01	5.176043585113e-01	4.153834323257e+01	7.350000000000e+01
WALLABY J132017-144841	NGC5044 Kin TR3	1	4	mass1|screen_ratio0	4.527102673781e+00	2.308008213552e-01	6.290000000000e+00	7.178051800997e+09	7.059776722269e-01	5.811588139755e-01	4.881760208014e-11	4.068133506678e-01	8.257976949693e+01	8.596792854167e-01	5.072456873498e-01	7.113388487287e-01	5.496915487500e-01	1.016753373850e+10	1.868312989635e-01	1.236999691992e-01	5.176043585113e-01	4.153834323257e+01	7.350000000000e+01
WALLABY J132017-144841	NGC5044 Kin TR3	2	4	mass1|screen_ratio0	7.545842401538e+00	3.847022587269e-01	5.000000000000e+00	8.774125818596e+09	8.629551712594e-01	2.816780899317e-01	2.147825233435e-11	1.789854361196e-01	7.071777826614e+01	7.072146365206e-01	3.833206944775e-01	6.161570228416e-01	7.530956788558e-01	1.016753373850e+10	1.868312989635e-01	1.236999691992e-01	5.176043585113e-01	4.153834323257e+01	7.350000000000e+01
WALLABY J132017-144841	NGC5044 Kin TR3	3	4	mass1|screen_ratio0	1.056256829359e+01	5.385010266940e-01	3.780000000002e+00	9.411195935850e+09	9.256124619691e-01	1.784714928361e-01	1.175753550674e-11	9.797946255620e-02	6.190392512213e+01	5.228951078578e-01	2.643998831186e-01	5.006337891096e-01	8.361498018924e-01	1.016753373850e+10	1.868312989635e-01	1.236999691992e-01	5.176043585113e-01	4.153834323257e+01	7.350000000000e+01
WALLABY J132017-144841	NGC5044 Kin TR3	4	4	mass1|screen_ratio0	1.357929418563e+01	6.922997946612e-01	2.449999999999e+00	9.787622758345e+09	9.626348935809e-01	1.401547712709e-01	7.398324421243e-12	6.165270351036e-02	5.567760644786e+01	3.352182735306e-01	1.633509170122e-01	3.729870063706e-01	8.690237050584e-01	1.016753373850e+10	1.868312989635e-01	1.236999691992e-01	5.176043585113e-01	4.153834323257e+01	7.350000000000e+01
WALLABY J132017-144841	NGC5044 Kin TR3	5	4	mass1|screen_ratio0	1.659803391339e+01	8.462012320328e-01	1.470000000000e+00	1.004117817240e+10	9.875726435383e-01	9.868633253700e-02	5.080213002363e-12	4.233510835302e-02	5.100873546521e+01	1.593751289562e-01	7.709315384446e-02	2.207962458684e-01	9.059541857137e-01	1.016753373850e+10	1.868312989635e-01	1.236999691992e-01	5.176043585113e-01	4.153834323257e+01	7.350000000000e+01
WALLABY J132017-144841	NGC5044 Kin TR3	6	4	mass1|screen_ratio0	1.961475980544e+01	1.000000000000e+00	6.300000000001e-01	1.016737904585e+10	9.999847856267e-01	7.479132090877e-02	3.683439742267e-12	3.069533118555e-02	4.721647427730e+01	7.607244475754e-06	7.607244487689e-06	7.801061923262e-03	9.279047293523e-01	1.016753373850e+10	1.868312989635e-01	1.236999691992e-01	5.176043585113e-01	4.153834323257e+01	7.350000000000e+01
WALLABY J132148-131222	NGC5044 Kin TR3	0	3	mass1|screen_ratio1	1.506987655161e+00	7.700205338810e-02	9.690000000000e+00	7.518400269245e+08	5.015883907788e-02	1.457810142350e+00	4.614414436189e-11	3.845345363491e-01	4.632211907855e+01	7.885715372790e-01	2.110964604733e-01	2.249540643562e-01	1.568015117455e-01	1.498918317781e+10	4.558515645023e-01	3.442521868584e-01	6.246958900673e-01	4.144513556115e+01	5.000000000000e+01
WALLABY J132148-131222	NGC5044 Kin TR3	1	3	mass1|screen_ratio1	4.516944331737e+00	2.308008213553e-01	9.530000000000e+00	3.724900058768e+09	2.485058735077e-01	1.336909738062e+00	2.544694739527e-11	2.120578949606e-01	5.955462409185e+01	6.469618882371e-01	3.693887930672e-02	6.747175600732e-01	1.987138742096e-01	1.498918317781e+10	4.558515645023e-01	3.442521868584e-01	6.246958900673e-01	4.144513556115e+01	5.000000000000e+01
WALLABY J132148-131222	NGC5044 Kin TR3	2	3	mass1|screen_ratio1	7.528910325186e+00	3.847022587269e-01	9.030000000000e+00	7.165924790082e+09	4.780730680970e-01	1.155029257482e+00	1.762051268588e-11	1.468376057157e-01	6.398093832916e+01	5.272219117630e-01	1.082214644614e-01	8.949895240465e-01	2.678170861693e-01	1.498918317781e+10	4.558515645023e-01	3.442521868584e-01	6.246958900673e-01	4.144513556115e+01	5.000000000000e+01
WALLABY J132148-131222	NGC5044 Kin TR3	3	3	mass1|screen_ratio1	1.053886700176e+01	5.385010266941e-01	7.589999999998e+00	1.027781434812e+10	6.856820832863e-01	9.268065205957e-01	1.289803242774e-11	1.074836035645e-01	6.476404513474e+01	4.055680479221e-01	1.202279752042e-01	8.857301704455e-01	3.666772886598e-01	1.498918317781e+10	4.558515645023e-01	3.442521868584e-01	6.246958900673e-01	4.144513556115e+01	5.000000000000e+01
WALLABY J132148-131222	NGC5044 Kin TR3	4	3	mass1|screen_ratio1	1.354882367834e+01	6.922997946613e-01	5.070000000002e+00	1.262294531116e+10	8.421369704685e-01	6.486430078426e-01	9.584469114603e-12	7.987057595502e-02	6.330093125684e+01	2.745978339354e-01	9.764962572082e-02	7.170697044199e-01	5.102072979090e-01	1.498918317781e+10	4.558515645023e-01	3.442521868584e-01	6.246958900673e-01	4.144513556115e+01	5.000000000000e+01
WALLABY J132148-131222	NGC5044 Kin TR3	5	3	mass1|screen_ratio1	1.656078967179e+01	8.462012320330e-01	2.400000000003e+00	1.399283210493e+10	9.335286612317e-01	3.770962730825e-01	7.111383238768e-12	5.926152698974e-02	6.028271937388e+01	1.318344381001e-01	4.906779929315e-02	4.964766439471e-01	6.827252834873e-01	1.498918317781e+10	4.558515645023e-01	3.442521868584e-01	6.246958900673e-01	4.144513556115e+01	5.000000000000e+01
WALLABY J133314-160715	NGC5044 Kin TR3	0	3	mass3|screen_ratio1	3.192574573421e+00	5.272407732864e-02	3.150000000000e+00	7.550757605295e+09	4.123340437535e-02	1.607776099309e+00	1.032568735963e-10	8.604739466359e-01	1.008568229577e+02	8.736821560373e-01	1.222965190732e-01	1.734726341694e-01	1.087162534190e-01	1.831223426657e+11	1.387873912506e-01	2.615952056238e-01	5.222788390900e-01	8.780210344215e+01	6.400000000000e+01
WALLABY J133314-160715	NGC5044 Kin TR3	1	3	mass3|screen_ratio1	9.564953421970e+00	1.579613356766e-01	4.160000000000e+00	4.407203047069e+10	2.406698703672e-01	1.369975012793e+00	6.714410421776e-11	5.595342018147e-01	1.407734144299e+02	8.121253805975e-01	2.074813347189e-01	5.869045951576e-01	1.869524209571e-01	1.831223426657e+11	1.387873912506e-01	2.615952056238e-01	5.222788390900e-01	8.780210344215e+01	6.400000000000e+01
WALLABY J133314-160715	NGC5044 Kin TR3	2	3	mass3|screen_ratio1	1.594158903662e+01	2.632688927944e-01	5.479999999999e+00	8.385527582592e+10	4.579194139025e-01	1.087041008070e+00	4.599151513755e-11	3.832626261462e-01	1.504111167454e+02	7.370767220043e-01	2.699024919020e-01	8.094507276693e-01	2.957391850457e-01	1.831223426657e+11	1.387873912506e-01	2.615952056238e-01	5.222788390900e-01	8.780210344215e+01	6.400000000000e+01
WALLABY J133314-160715	NGC5044 Kin TR3	3	3	mass3|screen_ratio1	2.231396788517e+01	3.685061511423e-01	5.540000000000e+00	1.163399737541e+11	6.353128299942e-01	8.405365061223e-01	3.256761067361e-11	2.713967556134e-01	1.497464802795e+02	6.477886384347e-01	2.657916256472e-01	8.540625201342e-01	4.081846832027e-01	1.831223426657e+11	1.387873912506e-01	2.615952056238e-01	5.222788390900e-01	8.780210344215e+01	6.400000000000e+01
WALLABY J133314-160715	NGC5044 Kin TR3	4	3	mass3|screen_ratio1	2.868634673371e+01	4.737434094903e-01	4.699999999999e+00	1.401459972637e+11	7.653134796311e-01	6.344231801830e-01	2.373781577131e-11	1.978151314276e-01	1.449550238823e+02	5.464841473722e-01	2.353161285011e-01	7.917233621940e-01	5.183589447925e-01	1.831223426657e+11	1.387873912506e-01	2.615952056238e-01	5.222788390900e-01	8.780210344215e+01	6.400000000000e+01
WALLABY J133314-160715	NGC5044 Kin TR3	5	3	mass3|screen_ratio1	3.505872558226e+01	5.789806678383e-01	3.439999999999e+00	1.564700938014e+11	8.544565972876e-01	4.602162155846e-01	1.774392268324e-11	1.478660223604e-01	1.385473276398e+02	4.364535620713e-01	1.921785739434e-01	6.797613625488e-01	6.258733580654e-01	1.831223426657e+11	1.387873912506e-01	2.615952056238e-01	5.222788390900e-01	8.780210344215e+01	6.400000000000e+01
WALLABY J133314-160715	NGC5044 Kin TR3	6	3	mass3|screen_ratio1	4.143536119691e+01	6.842882249560e-01	2.100000000000e+00	1.668972198434e+11	9.113973609878e-01	3.302279503593e-01	1.354931650844e-11	1.129109709037e-01	1.316192861571e+02	3.212029960073e-01	1.423269960149e-01	5.582649015799e-01	7.165702605972e-01	1.831223426657e+11	1.387873912506e-01	2.615952056238e-01	5.222788390900e-01	8.780210344215e+01	6.400000000000e+01
WALLABY J133314-160715	NGC5044 Kin TR3	7	3	mass3|screen_ratio1	4.780774004546e+01	7.895254833040e-01	1.520000000000e+00	1.737785915337e+11	9.489753626130e-01	2.374248940349e-01	1.059766990127e-11	8.831391584393e-02	1.250344170755e+02	2.070975768392e-01	9.171688336156e-02	4.370414338905e-01	7.877695071077e-01	1.831223426657e+11	1.387873912506e-01	2.615952056238e-01	5.222788390900e-01	8.780210344215e+01	6.400000000000e+01
WALLABY J133348-244525	NGC5044 Kin TR3	0	0	mass2|screen_ratio0	2.407191581906e+00	7.664009809932e-02	1.456000000000e+01	1.949162370383e+09	1.212001525137e-01	1.045085766227e+00	4.688535947267e-11	3.907113289389e-01	5.901320824756e+01	9.075544762889e-01	2.252325008500e-01	3.356711654077e-01	3.135919008799e-01	1.608217753821e+10	5.482059719522e-01	1.272109033313e-01	5.923075172678e-01	6.620252069886e+01	7.500000000000e+01
WALLABY J133348-244525	NGC5044 Kin TR3	1	0	mass2|screen_ratio0	7.240832278373e+00	2.305334150828e-01	1.327000000000e+01	7.789635714062e+09	4.843644895448e-01	7.574439723124e-01	2.070859887598e-11	1.725716572998e-01	6.802129166211e+01	8.022524562074e-01	3.550591949129e-01	7.799936714773e-01	4.506187759983e-01	1.608217753821e+10	5.482059719522e-01	1.272109033313e-01	5.923075172678e-01	6.620252069886e+01	7.500000000000e+01
WALLABY J133348-244525	NGC5044 Kin TR3	2	0	mass2|screen_ratio0	1.207447297484e+01	3.844267320662e-01	1.015000000000e+01	1.071689129400e+10	6.663830982179e-01	5.446390499430e-01	1.024573222934e-11	8.538110191117e-02	6.178468904240e+01	6.369690483320e-01	2.683229239256e-01	8.446617225839e-01	5.719321764276e-01	1.608217753821e+10	5.482059719522e-01	1.272109033313e-01	5.923075172678e-01	6.620252069886e+01	7.500000000000e+01
WALLABY J133348-244525	NGC5044 Kin TR3	3	0	mass2|screen_ratio0	1.690811367131e+01	5.383200490496e-01	6.860000000002e+00	1.264969319449e+10	7.865659463364e-01	4.724493505600e-01	6.167373041517e-12	5.139477534597e-02	5.672479840200e+01	4.615370747620e-01	1.873715158521e-01	7.816871899821e-01	6.178288946924e-01	1.608217753821e+10	5.482059719522e-01	1.272109033313e-01	5.923075172678e-01	6.620252069886e+01	7.500000000000e+01
WALLABY J133348-244525	NGC5044 Kin TR3	4	0	mass2|screen_ratio0	2.174175436777e+01	6.922133660331e-01	4.699999999999e+00	1.419185722935e+10	8.824586841947e-01	4.240262918875e-01	4.184664139010e-12	3.487220115841e-02	5.298499146261e+01	2.961912457786e-01	1.208158347219e-01	6.333843457022e-01	6.501471182001e-01	1.608217753821e+10	5.482059719522e-01	1.272109033313e-01	5.923075172678e-01	6.620252069886e+01	7.500000000000e+01
WALLABY J133348-244525	NGC5044 Kin TR3	5	0	mass2|screen_ratio0	2.657539506424e+01	8.461066830165e-01	3.000000000000e+00	1.537013346327e+10	9.557246477820e-01	3.283300789936e-01	3.033393301826e-12	2.527827751522e-02	4.987460842971e+01	1.434703828212e-01	6.083697341242e-02	4.099804663751e-01	7.179694735243e-01	1.608217753821e+10	5.482059719522e-01	1.272109033313e-01	5.923075172678e-01	6.620252069886e+01	7.500000000000e+01
