#REFERENCE 0 39.971340 -1.582260
  1.1   39.9670192  -1.5769372   0.1 0.1 50.0  0.8041 25.0
  1.2   39.9762454  -1.5760758   0.1 0.1 50.0  0.8041 25.0
  1.3   39.9686633  -1.5766314   0.1 0.1 50.0  0.8041 25.0
  202.1 39.97379975 -1.584254141 0.1 0.1 50.0  0.7251 25.0
  202.2 39.97096959 -1.585073447 0.1 0.1 50.0  0.7251 25.0
  202.3 39.96869348 -1.584528259 0.1 0.1 50.0  0.7251 25.0
  202.4 39.96944975 -1.584794156 0.1 0.1 50.0  0.7251 25.0
  202.5 39.96947492 -1.584807291 0.1 0.1 50.0  0.7251 25.0
  102.1 39.97383878 -1.584225278 0.1 0.1 50.0  0.7251 25.0
  102.2 39.97085294 -1.585072222 0.1 0.1 50.0  0.7251 25.0
  102.3 39.96968712 -1.5849      0.1 0.1 50.0  0.7251 25.0
  102.4 39.96933294 -1.584729722 0.1 0.1 50.0  0.7251 25.0
  102.5 39.96874002 -1.584545    0.1 0.1 50.0  0.7251 25.0
  2.1   39.973825   -1.584229    0.1 0.1 50.0  0.7251 25.0
  2.2   39.971003   -1.5850422   0.1 0.1 50.0  0.7251 25.0
  2.3   39.968722   -1.5845058   0.1 0.1 50.0  0.7251 25.0
  2.4   39.969394   -1.5847328   0.1 0.1 50.0  0.7251 25.0
  2.5   39.96963    -1.5848508   0.1 0.1 50.0  0.7251 25.0
  3.1   39.9656304  -1.5668761   0.1 0.1 50.0  1.9553 25.0
  3.2   39.9684983  -1.5658106   0.1 0.1 50.0  1.9553 25.0
  3.3   39.9789229  -1.567485    0.1 0.1 50.0  1.9553 25.0
  4.1   39.9796308  -1.5763969   0.1 0.1 50.0  1.2728 25.0
  4.2   39.9706879  -1.5762892   0.1 0.1 50.0  1.2728 25.0
  4.3   39.9619175  -1.5779589   0.1 0.1 50.0  1.2728 25.0
  5.1   39.9735762  -1.5890331   0.1 0.1 50.0  1.2775 25.0
  5.2   39.9705817  -1.5892317   0.1 0.1 50.0  1.2775 25.0
  5.3   39.9694267  -1.5891156   0.1 0.1 50.0  1.2775 25.0
  5.4   39.9686275  -1.5890169   0.1 0.1 50.0  1.2775 25.0
  6.1   39.9694063  -1.5772247   0.1 0.1 50.0  1.0633 25.0
  6.2   39.9643204  -1.5782533   0.1 0.1 50.0  1.0633 25.0
  6.3   39.9796183  -1.5771256   0.1 0.1 50.0  1.0633 25.0
  7.1   39.9697325  -1.5804058   0.1 0.1 50.0  2.7512 25.0
  7.2   39.9698513  -1.5807781   0.1 0.1 50.0  2.7512 25.0
  7.3   39.9687875  -1.58565     0.1 0.1 50.0  2.7512 25.0
  7.4   39.9865404  -1.5775961   0.1 0.1 50.0  2.7512 25.0
  7.5   39.9615171  -1.5800242   0.1 0.1 50.0  2.7512 25.0
  10.1  39.9679829  -1.5708981   0.1 0.1 50.0  2.7512 25.0
  10.2  39.9685546  -1.5717972   0.1 0.1 50.0  2.7512 25.0
  10.3  39.9690233  -1.5775039   0.1 0.1 50.0  2.7512 25.0
  9.1   39.9623742  -1.5779111   0.1 0.1 50.0  1.5182 25.0
  9.2   39.9694583  -1.5762853   0.1 0.1 50.0  1.5182 25.0
  9.3   39.9819971  -1.5765564   0.1 0.1 50.0  1.5182 25.0
  12.1  39.9697508  -1.5666753   0.1 0.1 50.0  3.4809 25.0
  12.2  39.9591133  -1.5754194   0.1 0.1 50.0  3.4809 25.0
  12.3  39.9840312  -1.5709764   0.1 0.1 50.0  3.4809 25.0
  13.1  39.9794888  -1.5718025   0.1 0.1 50.0  4.248  25.0
  13.2  39.975185   -1.5688453   0.1 0.1 50.0  4.248  25.0
  13.3  39.9567313  -1.5775242   0.1 0.1 50.0  4.248  25.0
  14.1  39.9722771  -1.578115    0.1 0.1 50.0  3.1309 25.0
  14.2  39.972145   -1.5802231   0.1 0.1 50.0  3.1309 25.0
  14.3  39.9742292  -1.5856158   0.1 0.1 50.0  3.1309 25.0
  14.4  39.9812667  -1.5782244   0.1 0.1 50.0  3.1309 25.0
  14.5  39.9576454  -1.5804847   0.1 0.1 50.0  3.1309 25.0
  15.1  39.9713021  -1.5806761   0.1 0.1 50.0  3.7084 25.0
  15.2  39.9718938  -1.5870503   0.1 0.1 50.0  3.7084 25.0
  15.3  39.9710233  -1.5777725   0.1 0.1 50.0  3.7084 25.0
  15.4  39.9839804  -1.5784756   0.1 0.1 50.0  3.7084 25.0
  15.5  39.9587242  -1.5805342   0.1 0.1 50.0  3.7084 25.0
  17.1  39.969745   -1.5885628   0.1 0.1 50.0  4.2567 25.0
  17.2  39.9853813  -1.5808725   0.1 0.1 50.0  4.2567 25.0
  17.3  39.9602075  -1.5836708   0.1 0.1 50.0  4.2567 25.0
  18.1  39.9758029  -1.5870847   0.1 0.1 50.0  4.4296 25.0
  18.2  39.9814533  -1.5821003   0.1 0.1 50.0  4.4296 25.0
  18.3  39.9573383  -1.5821069   0.1 0.1 50.0  4.4296 25.0
  19.1  39.9719721  -1.5878997   0.1 0.1 50.0  5.6493 25.0
  19.2  39.98512    -1.5791253   0.1 0.1 50.0  5.6493 25.0
  19.3  39.9582908  -1.5813244   0.1 0.1 50.0  5.6493 25.0
  20.1  39.9652637  -1.5878339   0.1 0.1 50.0  5.7505 25.0
  20.2  39.9635821  -1.5868906   0.1 0.1 50.0  5.7505 25.0
  21.1  39.96658    -1.5846392   0.1 0.1 50.0  1.2567 25.0
  21.2  39.9672304  -1.5849958   0.1 0.1 50.0  1.2567 25.0
  21.3  39.9812754  -1.5817044   0.1 0.1 50.0  1.2567 25.0
  22.1  39.9743821  -1.5861278   0.1 0.1 50.0  3.1309 25.0
  22.2  39.9816538  -1.5797064   0.1 0.1 50.0  3.1309 25.0
  22.3  39.9578796  -1.5810308   0.1 0.1 50.0  3.1309 25.0
  23.1  39.9800854  -1.5667464   0.1 0.1 50.0  5.9386 25.0
  23.2  39.9572875  -1.5727639   0.1 0.1 50.0  5.9386 25.0
  23.3  39.9771383  -1.5662947   0.1 0.1 50.0  5.9386 25.0
  24.1  39.9630854  -1.5706192   0.1 0.1 50.0  4.916  25.0
  24.2  39.9620154  -1.5723669   0.1 0.1 50.0  4.916  25.0
  25.1  39.9870617  -1.5791297   0.1 0.1 50.0  3.8145 25.0
  25.2  39.9616804  -1.58323     0.1 0.1 50.0  3.8145 25.0
  26.1  39.9799088  -1.5714144   0.1 0.1 50.0  3.9359 25.0
  26.2  39.9744404  -1.5681225   0.1 0.1 50.0  3.9359 25.0
  26.3  39.9571404  -1.5769786   0.1 0.1 50.0  3.9359 25.0
  27.1  39.9806642  -1.5711467   0.1 0.1 50.0  3.0161 25.0
  27.2  39.9582621  -1.5759297   0.1 0.1 50.0  3.0161 25.0
  27.3  39.9724358  -1.5671872   0.1 0.1 50.0  3.0161 25.0
  28.1  39.9634754  -1.5822975   0.1 0.1 50.0  2.9101 25.0
  28.2  39.9670362  -1.5845764   0.1 0.1 50.0  2.9101 25.0
  28.3  39.9877921  -1.5774778   0.1 0.1 50.0  2.9101 25.0
  29.1  39.9683996  -1.5646775   0.1 0.1 50.0  4.4897 25.0
  29.2  39.9834487  -1.5673414   0.1 0.1 50.0  4.4897 25.0
  30.1  39.9834304  -1.5704758   0.1 0.1 50.0  5.6459 25.0
  30.2  39.972385   -1.5663864   0.1 0.1 50.0  5.6459 25.0
  35.1  39.9815012  -1.5658867   0.1 0.1 50.0  6.1735 25.0
  35.2  39.9757975  -1.5644658   0.1 0.1 50.0  6.1735 25.0
  37.1  39.9703633  -1.5688142   0.1 0.1 50.0  5.6489 25.0
  37.2  39.9704004  -1.5694403   0.1 0.1 50.0  5.6489 25.0
  38.1  39.9771413  -1.5738247   0.1 0.1 50.0  3.2    25.0
  38.2  39.9750446  -1.5721444   0.1 0.1 50.0  3.2    25.0
  42.1  39.9635483  -1.5656736   0.1 0.1 50.0  1.0315 25.0
  42.2  39.9629537  -1.5661528   0.1 0.1 50.0  1.0315 25.0
  42.3  39.9633704  -1.5659692   0.1 0.1 50.0  1.0315 25.0
