1 j
1 g 0 j 0 w [ ] 0 d 1 G 1 g
0 0 m
324 0 l
324 324 l
0 324 l
h

f
/A1 gs 0 G
48.6 48.6 m
317.52 48.6 l
317.52 317.52 l
48.6 317.52 l
h

f
/A2 gs 0 g 1 j 0.8 w [ ] 0 d 0 G 0 g
48.6 48.6 m
48.6 45.1 l

B
1 w
BT /F1 10 Tf
40.646875 34.00625 Td
(0.2) Tj ET
0.8 w
134.823818 48.6 m
134.823818 45.1 l

B
1 w
BT /F1 10 Tf
126.8706925896 34.00625 Td
(0.5) Tj ET
0.8 w
200.049618 48.6 m
200.049618 45.1 l

B
1 w
BT /F1 10 Tf
196.8699301335 34.00625 Td
(1) Tj ET
0.8 w
265.275418 48.6 m
265.275418 45.1 l

B
1 w
BT /F1 10 Tf
262.0957301774 34.00625 Td
(2) Tj ET
0.6 w
86.754647 48.6 m
86.754647 46.6 l

B
113.8258 48.6 m
113.8258 46.6 l

B
151.980447 48.6 m
151.980447 46.6 l

B
166.486171 48.6 m
166.486171 46.6 l

B
179.0516 48.6 m
179.0516 46.6 l

B
190.135094 48.6 m
190.135094 46.6 l

B
303.430065 48.6 m
303.430065 46.6 l

B
1 w
q
1 0 -0 1 169.06 17.928125 cm
BT
11 4.8921875 Td
/F2 7 Tf
(R) Tj
-11 -9.38015625 Td
(h) Tj
9.0630677083 2.6796875 Td
/F1 4.9 Tf
(1) Tj
3.3089355469 -2.6796875 Td
/F2 7 Tf
(M) Tj
6.0395507812 0 Td
/F1 7 Tf
(p) Tj
4.443359375 0 Td
(c) Tj
ET
q 0.0049 0 0 0.0049 4.9574036458 -1.80828125 cm
/DejaVuSans-minus Do
Q
q 0 2.3921875 26.703546224 0.625 re f Q
Q
0.8 w
48.6 147.668081 m
45.1 147.668081 l

B
1 w
BT /F1 10 Tf
0.3420201433 0.9396926208 -0.9396926208 0.3420201433 29.8568746697
121.9690391595 Tm
0 0 Td
(0.005) Tj ET
0.8 w
48.6 205.921881 m
45.1 205.921881 l

B
1 w
BT /F1 10 Tf
0.3420201433 0.9396926208 -0.9396926208 0.3420201433 32.0319090187
186.1986973351 Tm
0 0 Td
(0.01) Tj ET
0.8 w
48.6 264.175682 m
45.1 264.175682 l

B
1 w
BT /F1 10 Tf
0.3420201433 0.9396926208 -0.9396926208 0.3420201433 32.0319090187
244.4524977504 Tm
0 0 Td
(0.02) Tj ET
0.8 w
48.6 298.25197 m
45.1 298.25197 l

B
1 w
BT /F1 10 Tf
0.3420201433 0.9396926208 -0.9396926208 0.3420201433 32.0319090187
278.5287865178 Tm
0 0 Td
(0.03) Tj ET
0.6 w
48.6 70.660745 m
46.6 70.660745 l

B
48.6 104.737034 m
46.6 104.737034 l

B
48.6 128.914546 m
46.6 128.914546 l

B
48.6 162.990835 m
46.6 162.990835 l

B
48.6 175.946038 m
46.6 175.946038 l

B
48.6 187.168346 m
46.6 187.168346 l

B
48.6 197.067123 m
46.6 197.067123 l

B
1 w
q
0 1 -1 0 15.7210838306 176.56 cm
BT
0 0.40625 Td
/F2 10 Tf
(g) Tj
6.34765625 -1.640625 Td
/F1 7 Tf
(+) Tj
ET
Q
q 48.6 48.6 268.92 268.92 re W n 1.5 w /DeviceRGB cs
143.80052 234.761455 m
143.80052 250.399298 l

S
170.734087 210.59808 m
170.734087 226.424038 l

S
197.667572 191.266765 m
197.667572 206.351825 l

S
224.600734 154.121275 m
224.600734 171.886314 l

S
251.534009 112.732986 m
251.534009 134.423203 l

S
278.467007 68.639888 m
278.467007 96.043411 l

S
305.400003 60.823636 m
305.400003 84.7423 l

S
Q q 48.6 48.6 268.92 268.92 re W n 1.5 w /DeviceRGB cs
63.000064 267.920274 m
63.000064 291.743545 l

S
89.933443 271.074864 m
89.933443 288.797788 l

S
116.866912 255.071189 m
116.866912 271.482725 l

S
Q q 48.6 48.6 268.92 268.92 re W n 1.5 w [ 5.55 2.4 ] 0 d 0.2156862745
0.4941176471 0.7215686275 RG /DeviceRGB cs

63.000064 280.68286 m
89.933443 271.384031 l
116.866912 258.390099 l
143.80052 240.126772 l
170.734087 217.296165 l
197.667572 190.586499 l
224.600734 161.780386 l
251.534009 131.993426 l
278.467007 100.880908 l
305.400003 67.983789 l

S
Q q 48.6 48.6 268.92 268.92 re W n 1.5 w [ 1.5 2.475 ] 0 d 0.8941176471
0.1019607843 0.1098039216 RG /DeviceRGB cs

63.000064 305.296364 m
89.933443 287.044793 l
116.866912 267.360799 l
143.80052 244.810303 l
170.734087 219.507186 l
197.667572 191.480189 l
224.600734 162.009652 l
251.534009 131.847559 l
278.467007 100.494954 l
305.400003 67.467833 l

S
Q q 48.6 48.6 268.92 268.92 re W n
q
1 0 0 1 143.8005195257 242.9435709853 cm /M0 Do
1 0 0 1 26.9335670447 -24.0605395395 cm /M0 Do
1 0 0 1 26.9334855184 -19.7357315462 cm /M0 Do
1 0 0 1 26.9331617663 -35.6749761425 cm /M0 Do
1 0 0 1 26.9332752767 -39.1964194864 cm /M0 Do
1 0 0 1 26.9329980177 -40.8222426808 cm /M0 Do
1 0 0 1 26.9329959144 -9.8226372019 cm /M0 Do
Q
Q q 48.6 48.6 268.92 268.92 re W n /A3 gs 0 g 0 g
q
1 0 0 1 63.0000643443 280.6732374301 cm /M1 Do
1 0 0 1 26.9333786971 -0.2705968136 cm /M1 Do
1 0 0 1 26.9334689088 -16.7257195507 cm /M1 Do
Q
Q q 2 J 0 j 0.8 w [ ] 0 d /DeviceRGB cs
48.6 48.6 m
48.6 317.52 l

S
317.52 48.6 m
317.52 317.52 l

S
48.6 48.6 m
317.52 48.6 l

S
48.6 317.52 m
317.52 317.52 l

S
/A4 gs 0 J 1 g 1 w 0.8 G 1 g

150.52 264.17625 m
310.52 264.17625 l
311.853333 264.17625 312.52 264.842917 312.52 266.17625 c
312.52 310.52 l
312.52 311.853333 311.853333 312.52 310.52 312.52 c
150.52 312.52 l
149.186667 312.52 148.52 311.853333 148.52 310.52 c
148.52 266.17625 l
148.52 264.842917 149.186667 264.17625 150.52 264.17625 c
h

B
/A2 gs 1 j 1.5 w [ 5.55 2.4 ] 0 d 0.2156862745 0.4941176471 0.7215686275
RG /DeviceRGB cs
152.52 304.42625 m
172.52 304.42625 l

S
0 g 1 w [ ] 0 d 0 G 0 g
BT /F1 10 Tf
180.52 300.92625 Td
(Best-fit) Tj ET
1.5 w [ 1.5 2.475 ] 0 d 0.8941176471 0.1019607843 0.1098039216 RG
/DeviceRGB cs
152.52 289.754375 m
172.52 289.754375 l

S
0 g 1 w [ ] 0 d 0 G 0 g
BT /F1 10 Tf
180.52 286.254375 Td
(Without miscentering) Tj ET
1.5 w /DeviceRGB cs
162.52 269.67625 m
162.52 279.67625 l

S
0 g 1 w 0 g

162.52 271.67625 m
163.315609 271.67625 164.07874 271.992349 164.64132 272.55493 c
165.203901 273.11751 165.52 273.880641 165.52 274.67625 c
165.52 275.471859 165.203901 276.23499 164.64132 276.79757 c
164.07874 277.360151 163.315609 277.67625 162.52 277.67625 c
161.724391 277.67625 160.96126 277.360151 160.39868 276.79757 c
159.836099 276.23499 159.52 275.471859 159.52 274.67625 c
159.52 273.880641 159.836099 273.11751 160.39868 272.55493 c
160.96126 271.992349 161.724391 271.67625 162.52 271.67625 c
h

B
q
1 0 -0 1 180.52 271.17625 cm
BT
0 0.40625 Td
/F1 10 Tf
(s) Tj
5.2099609375 0 Td
(t) Tj
3.9208984375 0 Td
(a) Tj
6.1279296875 0 Td
(c) Tj
5.498046875 0 Td
(k) Tj
5.791015625 0 Td
(e) Tj
6.15234375 0 Td
(d) Tj
6.34765625 0 Td
( ) Tj
3.1787109375 0 Td
/F2 10 Tf
(g) Tj
6.34765625 -1.640625 Td
/F1 7 Tf
(+) Tj
6.138671875 1.640625 Td
/F1 10 Tf
( ) Tj
3.1787109375 0 Td
(\() Tj
3.9013671875 0 Td
(3) Tj
6.3623046875 0 Td
(1) Tj
6.3623046875 0 Td
(3) Tj
6.3623046875 0 Td
( ) Tj
3.1787109375 0 Td
(c) Tj
5.498046875 0 Td
(l) Tj
2.7783203125 0 Td
(u) Tj
6.337890625 0 Td
(s) Tj
5.2099609375 0 Td
(t) Tj
3.9208984375 0 Td
(e) Tj
6.15234375 0 Td
(r) Tj
4.111328125 0 Td
(s) Tj
5.2099609375 0 Td
(\)) Tj
ET
Q
Q

863 0 27 0 836 729 d1
169 729 m
317 729 l
402 238 l
684 729 l
836 729 l
694 0 l
598 0 l
722 639 l
436 140 l
340 140 l
247 641 l
123 0 l
27 0 l
169 729 l
f
695 0 27 0 600 729 d1
252 648 m
202 389 l
329 389 l
379 389 419 402 450 430 c
480 458 496 494 496 538 c
496 573 485 600 465 619 c
444 638 414 648 376 648 c
252 648 l
433 350 m
453 345 471 333 485 314 c
499 294 515 256 533 199 c
595 0 l
491 0 l
434 187 l
419 235 402 267 383 283 c
363 299 334 308 295 308 c
186 308 l
126 0 l
27 0 l
169 729 l
391 729 l
458 729 510 713 546 683 c
582 653 600 609 600 552 c
600 501 584 457 554 420 c
523 382 483 359 433 350 c
f
635 0 32 -207 596 560 d1
596 547 m
503 68 l
485 -24 450 -92 400 -138 c
349 -184 281 -207 196 -207 c
164 -207 134 -204 107 -200 c
80 -195 55 -188 32 -178 c
49 -91 l
71 -105 94 -115 119 -122 c
143 -129 170 -133 198 -133 c
255 -133 302 -117 339 -86 c
375 -55 399 -11 411 47 c
419 88 l
393 59 364 37 331 22 c
298 7 262 0 224 0 c
168 0 125 18 93 55 c
61 91 46 142 46 206 c
46 256 55 306 75 354 c
94 402 121 445 156 483 c
178 507 205 526 236 540 c
267 553 299 560 333 560 c
369 560 401 551 429 534 c
456 517 476 493 490 462 c
506 547 l
596 547 l
461 346 m
461 390 450 425 429 449 c
408 473 379 485 341 485 c
317 485 294 480 273 471 c
251 461 233 448 218 431 c
193 403 174 370 160 332 c
146 294 139 255 139 215 c
139 169 149 135 170 111 c
191 87 221 75 261 75 c
318 75 366 100 404 152 c
442 204 461 268 461 346 c
f
634 0 35 0 566 760 d1
557 330 m
493 0 l
403 0 l
467 327 l
469 342 471 355 473 367 c
475 379 476 388 476 395 c
476 422 467 443 450 459 c
432 474 408 482 378 482 c
330 482 288 465 253 433 c
217 400 194 357 184 303 c
125 0 l
35 0 l
183 760 l
273 760 l
215 461 l
237 491 266 515 302 533 c
337 551 374 560 414 560 c
462 560 499 547 526 521 c
552 495 566 458 566 411 c
566 399 565 387 564 374 c
562 360 560 346 557 330 c
f
686 0 98 0 615 729 d1
197 348 m
197 81 l
355 81 l
408 81 447 92 473 114 c
498 136 511 169 511 215 c
511 260 498 293 473 315 c
447 337 408 348 355 348 c
197 348 l
197 648 m
197 428 l
343 428 l
391 428 426 437 450 455 c
474 473 486 500 486 538 c
486 574 474 602 450 620 c
426 638 391 648 343 648 c
197 648 l
98 729 m
350 729 l
425 729 483 713 524 682 c
564 650 585 606 585 549 c
585 504 574 468 553 442 c
532 416 502 399 462 393 c
510 382 548 360 575 327 c
601 294 615 253 615 204 c
615 138 592 88 548 53 c
504 17 441 0 360 0 c
98 0 l
98 729 l
f
989 0 33 0 956 729 d1
33 729 m
133 729 l
286 113 l
439 729 l
550 729 l
703 113 l
856 729 l
956 729 l
773 0 l
649 0 l
495 633 l
340 0 l
216 0 l
33 729 l
f
613 0 60 -13 522 560 d1
343 275 m
270 275 220 266 192 250 c
164 233 150 205 150 165 c
150 133 160 107 181 89 c
202 70 231 61 267 61 c
317 61 357 78 387 114 c
417 149 432 196 432 255 c
432 275 l
343 275 l
522 312 m
522 0 l
432 0 l
432 83 l
411 49 385 25 355 10 c
325 -5 287 -13 243 -13 c
187 -13 142 2 109 33 c
76 64 60 106 60 159 c
60 220 80 266 122 298 c
163 329 224 345 306 345 c
432 345 l
432 354 l
432 395 418 427 391 450 c
364 472 326 484 277 484 c
245 484 215 480 185 472 c
155 464 127 453 100 439 c
100 522 l
132 534 164 544 195 550 c
226 556 256 560 286 560 c
365 560 424 539 463 498 c
502 457 522 395 522 312 c
f
550 0 55 -13 488 560 d1
488 526 m
488 442 l
462 456 437 466 411 473 c
385 480 360 484 334 484 c
276 484 230 465 198 428 c
166 391 150 339 150 273 c
150 206 166 154 198 117 c
230 80 276 62 334 62 c
360 62 385 65 411 72 c
437 79 462 90 488 104 c
488 21 l
462 9 436 0 410 -5 c
383 -10 354 -13 324 -13 c
242 -13 176 12 128 64 c
79 115 55 185 55 273 c
55 362 79 432 128 483 c
177 534 244 560 330 560 c
358 560 385 557 411 551 c
437 545 463 537 488 526 c
f
635 0 55 -13 544 760 d1
454 464 m
454 760 l
544 760 l
544 0 l
454 0 l
454 82 l
435 49 411 25 382 10 c
353 -5 319 -13 279 -13 c
213 -13 159 13 117 65 c
75 117 55 187 55 273 c
55 359 75 428 117 481 c
159 533 213 560 279 560 c
319 560 353 552 382 536 c
411 520 435 496 454 464 c
148 273 m
148 207 161 155 188 117 c
215 79 253 61 301 61 c
348 61 385 79 413 117 c
440 155 454 207 454 273 c
454 339 440 390 413 428 c
385 466 348 485 301 485 c
253 485 215 466 188 428 c
161 390 148 339 148 273 c
f
615 0 55 -13 562 560 d1
562 296 m
562 252 l
149 252 l
153 190 171 142 205 110 c
238 78 284 62 344 62 c
378 62 412 66 444 74 c
476 82 509 95 541 113 c
541 28 l
509 14 476 3 442 -3 c
408 -9 373 -13 339 -13 c
251 -13 182 12 131 62 c
80 112 55 181 55 268 c
55 357 79 428 127 481 c
175 533 241 560 323 560 c
397 560 455 536 498 489 c
540 441 562 377 562 296 c
472 322 m
471 371 457 410 431 440 c
404 469 368 484 324 484 c
274 484 234 469 204 441 c
174 413 156 373 152 322 c
472 322 l
f
352 0 23 0 371 760 d1
371 760 m
371 685 l
285 685 l
253 685 230 678 218 665 c
205 652 199 629 199 595 c
199 547 l
347 547 l
347 477 l
199 477 l
199 0 l
109 0 l
109 477 l
23 477 l
23 547 l
109 547 l
109 585 l
109 645 123 690 151 718 c
179 746 224 760 286 760 c
371 760 l
f
636 0 77 -13 549 729 d1
108 729 m
495 729 l
495 646 l
198 646 l
198 467 l
212 472 227 476 241 478 c
255 480 270 482 284 482 c
365 482 429 459 477 415 c
525 370 549 310 549 234 c
549 155 524 94 475 51 c
426 8 357 -13 269 -13 c
238 -13 207 -10 175 -6 c
143 -1 111 6 77 17 c
77 116 l
106 100 136 88 168 80 c
199 72 232 69 267 69 c
323 69 368 83 401 113 c
433 143 450 183 450 234 c
450 284 433 324 401 354 c
368 384 323 399 267 399 c
241 399 214 396 188 390 c
162 384 135 375 108 363 c
108 729 l
f
635 0 55 -207 544 560 d1
454 280 m
454 344 440 395 414 431 c
387 467 349 485 301 485 c
253 485 215 467 188 431 c
161 395 148 344 148 280 c
148 215 161 165 188 129 c
215 93 253 75 301 75 c
349 75 387 93 414 129 c
440 165 454 215 454 280 c
544 68 m
544 -24 523 -93 482 -139 c
440 -184 377 -207 292 -207 c
260 -207 231 -204 203 -200 c
175 -195 147 -188 121 -178 c
121 -91 l
147 -105 173 -115 199 -122 c
225 -129 251 -133 278 -133 c
336 -133 380 -117 410 -87 c
439 -56 454 -10 454 52 c
454 96 l
435 64 411 40 382 24 c
353 8 319 0 279 0 c
211 0 157 25 116 76 c
75 127 55 195 55 280 c
55 364 75 432 116 483 c
157 534 211 560 279 560 c
319 560 353 552 382 536 c
411 520 435 496 454 464 c
454 547 l
544 547 l
544 68 l
f
634 0 91 0 549 760 d1
549 330 m
549 0 l
459 0 l
459 327 l
459 379 448 417 428 443 c
408 469 378 482 338 482 c
289 482 251 466 223 435 c
195 404 181 362 181 309 c
181 0 l
91 0 l
91 760 l
181 760 l
181 462 l
202 494 227 519 257 535 c
286 551 320 560 358 560 c
420 560 468 540 500 501 c
532 462 549 405 549 330 c
f
361 0 49 234 312 314 d1
49 314 m
312 314 l
312 234 l
49 234 l
49 314 l
f
278 0 94 0 184 760 d1
94 547 m
184 547 l
184 0 l
94 0 l
94 547 l
94 760 m
184 760 l
184 646 l
94 646 l
94 760 l
f
579 0 91 0 576 760 d1
91 760 m
181 760 l
181 311 l
449 547 l
564 547 l
274 291 l
576 0 l
459 0 l
181 267 l
181 0 l
91 0 l
91 760 l
f
278 0 94 0 184 760 d1
94 760 m
184 760 l
184 0 l
94 0 l
94 760 l
f
974 0 91 0 889 560 d1
520 442 m
542 482 569 511 600 531 c
631 550 668 560 711 560 c
767 560 811 540 842 500 c
873 460 889 403 889 330 c
889 0 l
799 0 l
799 327 l
799 379 789 418 771 444 c
752 469 724 482 686 482 c
639 482 602 466 575 435 c
548 404 535 362 535 309 c
535 0 l
445 0 l
445 327 l
445 379 435 418 417 444 c
398 469 369 482 331 482 c
285 482 248 466 221 435 c
194 404 181 362 181 309 c
181 0 l
91 0 l
91 547 l
181 547 l
181 462 l
201 495 226 520 255 536 c
283 552 317 560 357 560 c
397 560 430 550 458 530 c
486 510 506 480 520 442 c
f

106 355 m
732 355 l
732 272 l
106 272 l
106 355 l
f
634 0 91 0 549 560 d1
549 330 m
549 0 l
459 0 l
459 327 l
459 379 448 417 428 443 c
408 469 378 482 338 482 c
289 482 251 466 223 435 c
195 404 181 362 181 309 c
181 0 l
91 0 l
91 547 l
181 547 l
181 462 l
202 494 227 519 257 535 c
286 551 320 560 358 560 c
420 560 468 540 500 501 c
532 462 549 405 549 330 c
f
612 0 55 -13 557 560 d1
306 484 m
258 484 220 465 192 427 c
164 389 150 338 150 273 c
150 207 163 156 191 118 c
219 80 257 62 306 62 c
354 62 392 80 420 118 c
448 156 462 207 462 273 c
462 337 448 389 420 427 c
392 465 354 484 306 484 c
306 560 m
384 560 445 534 490 484 c
534 433 557 363 557 273 c
557 183 534 113 490 63 c
445 12 384 -13 306 -13 c
227 -13 165 12 121 63 c
77 113 55 183 55 273 c
55 363 77 433 121 484 c
165 534 227 560 306 560 c
f
636 0 110 0 544 729 d1
124 83 m
285 83 l
285 639 l
110 604 l
110 694 l
284 729 l
383 729 l
383 83 l
544 83 l
544 0 l
124 0 l
124 83 l
f
635 0 91 -207 580 560 d1
181 82 m
181 -207 l
91 -207 l
91 547 l
181 547 l
181 464 l
199 496 223 520 252 536 c
281 552 316 560 356 560 c
422 560 476 533 518 481 c
559 428 580 359 580 273 c
580 187 559 117 518 65 c
476 13 422 -13 356 -13 c
316 -13 281 -5 252 10 c
223 25 199 49 181 82 c
487 273 m
487 339 473 390 446 428 c
418 466 381 485 334 485 c
286 485 249 466 222 428 c
194 390 181 339 181 273 c
181 207 194 155 222 117 c
249 79 286 61 334 61 c
381 61 418 79 446 117 c
473 155 487 207 487 273 c
f
390 0 86 -131 310 759 d1
310 759 m
266 683 234 609 213 536 c
191 463 181 389 181 314 c
181 238 191 164 213 91 c
234 17 266 -56 310 -131 c
232 -131 l
183 -54 146 20 122 94 c
98 168 86 241 86 314 c
86 386 98 459 122 533 c
146 607 182 682 232 759 c
310 759 l
f
390 0 80 -131 304 759 d1
80 759 m
158 759 l
206 682 243 607 267 533 c
291 459 304 386 304 314 c
304 241 291 168 267 94 c
243 20 206 -54 158 -131 c
80 -131 l
123 -56 155 17 177 91 c
198 164 209 238 209 314 c
209 389 198 463 177 536 c
155 609 123 683 80 759 c
f
318 0 107 0 210 124 d1
107 124 m
210 124 l
210 0 l
107 0 l
107 124 l
f
838 0 106 0 732 627 d1
460 627 m
460 355 l
732 355 l
732 272 l
460 272 l
460 0 l
378 0 l
378 272 l
106 272 l
106 355 l
378 355 l
378 627 l
460 627 l
f
411 0 91 0 411 560 d1
411 463 m
401 469 390 473 378 476 c
366 478 353 480 339 480 c
288 480 249 463 222 430 c
194 397 181 350 181 288 c
181 0 l
91 0 l
91 547 l
181 547 l
181 462 l
199 495 224 520 254 536 c
284 552 321 560 365 560 c
371 560 378 559 386 559 c
393 558 401 557 411 555 c
411 463 l
f
521 0 54 -13 472 560 d1
443 531 m
443 446 l
417 458 391 468 364 475 c
336 481 308 485 279 485 c
234 485 200 478 178 464 c
156 450 145 430 145 403 c
145 382 153 366 169 354 c
185 342 217 330 265 320 c
296 313 l
360 299 405 279 432 255 c
458 230 472 195 472 151 c
472 100 452 60 412 31 c
372 1 316 -13 246 -13 c
216 -13 186 -10 154 -5 c
122 0 89 8 54 20 c
54 113 l
87 95 120 82 152 74 c
184 65 216 61 248 61 c
290 61 323 68 346 82 c
368 96 380 117 380 144 c
380 168 371 187 355 200 c
339 213 303 226 247 238 c
216 245 l
160 257 119 275 95 299 c
70 323 58 356 58 399 c
58 450 76 490 112 518 c
148 546 200 560 268 560 c
301 560 332 557 362 552 c
391 547 418 540 443 531 c
f
318 0 0 0 0 0 d1

392 0 27 0 368 702 d1
183 702 m
183 547 l
368 547 l
368 477 l
183 477 l
183 180 l
183 135 189 106 201 94 c
213 81 238 75 276 75 c
368 75 l
368 0 l
276 0 l
206 0 158 13 132 39 c
106 65 93 112 93 180 c
93 477 l
27 477 l
27 547 l
93 547 l
93 702 l
183 702 l
f
636 0 76 -13 556 742 d1
406 393 m
453 383 490 362 516 330 c
542 298 556 258 556 212 c
556 140 531 84 482 45 c
432 6 362 -13 271 -13 c
240 -13 208 -10 176 -4 c
144 1 110 10 76 22 c
76 117 l
103 101 133 89 166 81 c
198 73 232 69 268 69 c
330 69 377 81 409 105 c
441 129 458 165 458 212 c
458 254 443 288 413 312 c
383 336 341 349 287 349 c
202 349 l
202 430 l
291 430 l
339 430 376 439 402 459 c
428 478 441 506 441 543 c
441 580 427 609 401 629 c
374 649 336 659 287 659 c
260 659 231 656 200 650 c
169 644 135 635 98 623 c
98 711 l
135 721 170 729 203 734 c
235 739 266 742 296 742 c
370 742 429 725 473 691 c
517 657 539 611 539 553 c
539 513 527 479 504 451 c
481 423 448 403 406 393 c
f
636 0 73 0 536 742 d1
192 83 m
536 83 l
536 0 l
73 0 l
73 83 l
110 121 161 173 226 239 c
290 304 331 346 348 365 c
380 400 402 430 414 455 c
426 479 433 504 433 528 c
433 566 419 598 392 622 c
365 646 330 659 286 659 c
255 659 222 653 188 643 c
154 632 117 616 78 594 c
78 694 l
118 710 155 722 189 730 c
223 738 255 742 284 742 c
359 742 419 723 464 685 c
509 647 532 597 532 534 c
532 504 526 475 515 449 c
504 422 484 390 454 354 c
446 344 420 317 376 272 c
332 227 271 164 192 83 c
f
634 0 85 -13 543 560 d1
85 216 m
85 547 l
175 547 l
175 219 l
175 167 185 129 205 103 c
225 77 255 64 296 64 c
344 64 383 79 411 110 c
439 141 453 183 453 237 c
453 547 l
543 547 l
543 0 l
453 0 l
453 84 l
431 50 405 26 377 10 c
348 -5 315 -13 277 -13 c
214 -13 166 6 134 45 c
101 83 85 140 85 216 c
311 560 m
311 560 l
f
636 0 66 -13 570 742 d1
318 664 m
267 664 229 639 203 589 c
177 539 165 464 165 364 c
165 264 177 189 203 139 c
229 89 267 64 318 64 c
369 64 407 89 433 139 c
458 189 471 264 471 364 c
471 464 458 539 433 589 c
407 639 369 664 318 664 c
318 742 m
399 742 461 709 505 645 c
548 580 570 486 570 364 c
570 241 548 147 505 83 c
461 19 399 -13 318 -13 c
236 -13 173 19 130 83 c
87 147 66 241 66 364 c
66 486 87 580 130 645 c
173 709 236 742 318 742 c
f
1 j
0 J

0 -3 m
0.795609 -3 1.55874 -2.683901 2.12132 -2.12132 c
2.683901 -1.55874 3 -0.795609 3 0 c
3 0.795609 2.683901 1.55874 2.12132 2.12132 c
1.55874 2.683901 0.795609 3 0 3 c
-0.795609 3 -1.55874 2.683901 -2.12132 2.12132 c
-2.683901 1.55874 -3 0.795609 -3 0 c
-3 -0.795609 -2.683901 -1.55874 -2.12132 -2.12132 c
-1.55874 -2.683901 -0.795609 -3 0 -3 c
h

B

1 j
0 J

0 -3 m
0.795609 -3 1.55874 -2.683901 2.12132 -2.12132 c
2.683901 -1.55874 3 -0.795609 3 0 c
3 0.795609 2.683901 1.55874 2.12132 2.12132 c
1.55874 2.683901 0.795609 3 0 3 c
-0.795609 3 -1.55874 2.683901 -2.12132 2.12132 c
-2.683901 1.55874 -3 0.795609 -3 0 c
-3 -0.795609 -2.683901 -1.55874 -2.12132 -2.12132 c
-1.55874 -2.683901 -0.795609 -3 0 -3 c
h

S
